<Map3D name="stage_1" lights="off">
<Chunk position="-6,0">
<Tiles height="0">
0,0,0,0,0,0,0,0,0,0,0,0,0,0,0,0,
0,0,0,0,0,0,0,0,0,0,0,0,0,0,0,0,
0,0,0,0,0,0,0,0,0,0,0,0,0,0,0,0,
0,0,0,0,0,0,0,0,0,0,0,0,0,0,0,0,
0,0,0,0,0,0,0,0,0,0,0,0,0,0,0,0,
0,0,0,0,0,0,0,0,0,0,0,0,0,0,3,3,
0,0,0,0,0,0,0,0,0,0,0,0,0,0,3,3,
0,0,0,0,0,0,0,0,0,0,0,0,0,0,3,3,
0,0,0,0,0,0,0,0,0,0,0,0,0,0,3,3,
0,0,0,0,0,0,0,0,0,0,0,0,0,0,3,3,
0,0,0,0,0,0,0,0,0,0,0,0,0,0,3,3,
0,0,0,0,0,0,0,0,0,0,0,0,0,0,3,3,
0,0,0,0,0,0,0,0,0,0,0,0,0,0,3,3,
0,0,0,0,0,0,0,0,0,0,0,0,0,0,3,3,
0,0,0,0,0,0,0,0,0,0,0,0,0,0,3,3,
0,0,0,0,0,0,0,0,0,0,0,0,0,0,3,3
</Tiles>
<Tiles height="-2">
0,0,0,0,0,0,0,0,0,0,0,0,0,0,0,0,
0,0,0,0,0,0,0,0,0,0,0,0,0,0,0,0,
0,0,0,0,0,0,0,0,0,0,0,0,0,0,0,0,
0,0,0,0,0,0,0,0,0,0,0,0,0,0,0,0,
0,0,0,0,0,0,0,0,0,0,0,0,0,0,0,0,
0,0,0,0,0,0,0,0,0,0,0,0,0,0,0,0,
0,0,0,0,0,0,0,0,0,0,0,0,0,0,0,0,
0,0,0,0,0,0,0,0,0,0,0,0,0,0,0,0,
0,0,0,0,0,0,0,0,0,0,0,0,0,0,0,0,
0,0,0,0,0,0,0,0,0,0,0,0,0,0,0,0,
0,0,0,0,0,0,0,0,0,0,0,0,0,0,0,0,
0,0,0,0,0,0,0,0,0,0,0,0,0,0,0,0,
0,0,0,0,0,0,0,0,0,0,0,0,0,0,0,0,
0,0,0,0,0,0,0,0,0,0,0,0,0,0,0,0,
0,0,0,0,0,0,0,0,0,0,0,0,0,0,0,0,
0,0,0,0,0,0,0,0,0,0,0,0,0,0,0,0
</Tiles>
<Tiles height="-1">
0,0,0,0,0,0,0,0,0,0,0,0,0,0,0,0,
0,0,0,0,0,0,0,0,0,0,0,0,0,0,0,0,
0,0,0,0,0,0,0,0,0,0,0,0,0,0,0,0,
0,0,0,0,0,0,0,0,0,0,0,0,0,0,0,0,
0,0,0,0,0,0,0,0,0,0,0,0,0,0,0,0,
0,0,0,0,0,0,0,0,0,0,0,0,0,0,0,0,
0,0,0,0,0,0,0,0,0,0,0,0,0,0,0,0,
0,0,0,0,0,0,0,0,0,0,0,0,0,0,0,0,
0,0,0,0,0,0,0,0,0,0,0,0,0,0,0,0,
0,0,0,0,0,0,0,0,0,0,0,0,0,0,0,0,
0,0,0,0,0,0,0,0,0,0,0,0,0,0,0,0,
0,0,0,0,0,0,0,0,0,0,0,0,0,0,0,0,
0,0,0,0,0,0,0,0,0,0,0,0,0,0,0,0,
0,0,0,0,0,0,0,0,0,0,0,0,0,0,0,0,
0,0,0,0,0,0,0,0,0,0,0,0,0,0,0,0,
0,0,0,0,0,0,0,0,0,0,0,0,0,0,0,0
</Tiles>
</Chunk>
<Chunk position="-3,0">
<Tiles height="1">
0,0,0,0,0,0,0,0,0,0,0,0,0,0,0,0,
0,0,0,0,0,0,0,0,0,0,0,0,0,0,0,0,
0,0,0,0,0,0,0,0,0,0,0,0,0,0,0,0,
0,0,0,0,0,0,0,0,0,0,0,62,0,0,0,0,
0,0,0,0,0,0,0,0,0,0,55,105,53,0,0,0,
29,29,29,29,29,0,29,29,29,29,79&55,105,76&53,79,76,79,
0,0,0,0,0,28&30,0,0,0,0,105&97&96,105&97,105&97,105&97,105&97,105&97&98,
0,0,0,0,0,28&30,0,0,0,0,0,0,0,0,0,0,
0,0,0,0,0,29&28,291,30,0,0,0,0,0,0,0,0,
0,0,0,0,0,0,0,28&30,0,0,0,0,0,0,0,0,
71&55&53,0,132&28&129&131&146,30&130&131&132&145,0,0,0,28&30,0,3,71&55&53,0,0,28&132&131&146&145,129&130&132&147&30,0,
0,0,0,0,0,0,0,28&30,0,0,0,0,0,0,0,0,
0,0,0,0,0,0,0,28&30,0,0,0,0,0,0,0,0,
0,0,0,0,0,0,0,28&30,0,0,0,0,0,0,0,0,
0,0,0,0,0,0,0,28&30,0,0,0,0,0,0,0,0,
0,0,0,0,0,0,0,28&30,0,0,0,0,0,0,0,0
</Tiles>
<Tiles height="0">
0,0,0,0,0,0,0,0,0,0,0,0,0,0,0,0,
0,0,0,0,0,0,0,0,0,0,0,0,0,0,0,0,
0,0,0,0,0,0,0,0,0,0,0,0,0,0,0,0,
0,0,0,0,0,0,0,0,0,0,0,0,0,0,0,0,
0,0,0,0,0,0,0,0,0,0,0,0,0,0,0,0,
29,29,29,29,29,0,29,29,29,29,0,0,0,0,0,0,
3,3,3,3,3,3&28&30,3,3,3,3,3&28&29,3&29,3&29,3&29,3&29,3&29&30,
3,3,3,3,3,3&28&30,3,3,3,3,3,3,3,3,3,3,
3,3,3,3,3,163&3&28,165&3,3&28&30,3,3,3,3,3,3,3,3,
3,3,3,3,3,3,3,3&28&30,3,3,3,3,3,3,3,3,
73&55&53,3,148&28&131&3&129&146,30&147&3&130&132&145,3,3,3,3&28&30,3,53&54,55&73,3,3,3&135&136&145&146&28,3&135&136&137&138&30,3,
3,7,7,7,7,3,3,3&28&30,3,3,3,3,7,7,7,7,
3,7,7,7,7,3,3,3&28&30,9,9,3,3,7,7,7,7,
3,7,7,7,7,3,3,3&28&30,9,9,3,3,7,7,7,7,
3,7,7,7,7,3,3,3&28&30,9,9,3,3,7,7,7,7,
3,3,3,3,3,3,3,3&28&30,11,11,3,3,3,3,3,3
</Tiles>
<Tiles height="2">
0,0,0,0,0,0,0,0,0,0,0,0,0,0,0,0,
0,0,0,0,0,0,0,0,0,0,0,0,0,0,0,0,
0,0,0,0,0,0,0,0,0,0,0,0,0,0,0,0,
0,0,0,0,0,0,0,0,0,0,0,0,0,0,0,0,
0,0,0,0,0,0,0,0,2,2,2,1,1,1,0,0,
0,0,0,0,0,0,0,2,2,2,2,1,1,1,1,1,
0,0,0,0,0,1,0,0,0,0,1,1,1,1,1,1,
0,0,0,0,0,1,0,0,0,0,0,0,0,0,0,0,
0,0,0,0,0,1,1,1,0,0,0,0,0,0,0,0,
0,0,0,0,0,0,0,1,0,0,0,0,0,0,0,0,
1,0,2,2,0,0,0,1,0,0,1,0,0,1,1,0,
0,0,0,0,0,0,0,1,0,0,0,0,0,0,0,0,
0,0,0,0,0,0,0,1,0,0,0,0,0,0,0,0,
0,0,0,0,0,0,0,1,0,0,0,0,0,0,0,0,
0,0,0,0,0,0,0,1,0,0,0,0,0,0,0,0,
0,0,0,0,0,0,0,1,0,0,0,0,0,0,0,0
</Tiles>
</Chunk>
<Chunk position="-2,0">
<Tiles height="4">
0,0,0,0,0,0,0,0,0,0,0,0,0,0,0,0,
0,0,0,0,0,0,0,0,0,0,0,0,0,0,0,0,
0,0,0,0,0,0,0,0,0,0,0,0,0,0,0,0,
0,0,0,0,0,0,0,0,0,0,0,0,0,0,0,0,
0,0,0,0,0,0,0,0,0,0,0,0,0,0,0,0,
0,0,0,0,0,0,0,0,0,0,0,0,0,0,0,0,
0,0,0,0,0,0,0,0,0,0,0,0,0,0,0,0,
0,0,0,0,0,0,0,0,0,0,0,0,0,0,0,0,
0,0,0,0,0,0,0,0,0,0,0,0,0,0,0,0,
0,0,0,0,0,0,0,0,0,0,0,0,0,0,0,0,
0,0,0,0,0,0,0,0,0,0,0,0,0,0,0,0,
0,0,0,0,0,0,0,0,0,0,0,0,0,0,0,0,
0,0,0,0,0,0,0,0,0,0,0,0,0,0,0,0,
0,0,0,0,0,0,0,0,0,0,0,0,0,0,0,0,
0,0,0,0,0,0,0,0,0,0,0,0,0,0,0,0,
0,0,0,0,0,0,0,0,0,0,0,0,0,0,0,0
</Tiles>
<Tiles height="1">
0,0,0,0,0,0,0,0,0,0,0,0,0,0,0,0,
0,0,0,0,0,0,0,0,0,0,0,0,0,0,0,0,
29,0,0,0,0,0,0,0,0,0,0,0,0,0,0,0,
0,28,0,0,0,0,0,0,0,0,0,0,0,0,0,0,
0,28,0,0,0,0,0,0,0,0,0,0,0,0,0,0,
0,28,0,0,0,0,0,0,0,0,29,29,29,29,29,29,
0,28,0,0,0,0,0,0,0,30,0,0,0,0,0,0,
0,28,29,0,0,0,0,29,29,30,0,0,0,0,0,0,
0,30&28,0,28,0,29,30&29,0,0,28&29&30,298,28&30,0,0,0,0,
0,30&28,0,28,30,0,0,0,0,0,0,30&28,0,0,0,0,
0,30&28&29,295,28&29,30,0,0,0,0,0,0,30&28,0,0,0,0,
0,0,0,0,28&30,0,0,0,0,0,0,30&28,0,0,0,0,
0,0,0,0,28&30,0,28,0,0,0,0,30,0,0,0,0,
0,0,0,0,28&30,0,28,0,0,0,0,30,0,0,0,0,
0,0,0,0,28&29&30,297,28,0,0,0,0,30,0,0,0,0,
0,0,0,0,0,0,28,0,0,0,0,30,0,0,0,0
</Tiles>
<Tiles height="0">
0,0,0,0,0,0,0,0,0,0,0,0,0,0,0,0,
0,0,0,0,0,0,0,0,0,0,0,0,0,0,0,0,
29&3,3,0,0,0,0,0,0,0,0,0,0,0,0,0,0,
11,3&28,0,0,0,0,0,0,0,0,0,0,0,0,0,0,
3,28&3,0,0,0,0,0,0,0,0,0,0,0,0,0,0,
3,28&3,0,0,0,0,0,0,0,0,29,29,29,29,29,29,
3,28&3,0,0,0,0,0,0,0,30,3,3,3,3,3,3,
3,28&3,247&3,0,3,0,0,3&267,29&3,30&3,3,3,3,3,3,3,
3,30&28&3,3,28&3,3,29,30&29&3,3,10,163&3&28,193&3,28&30&3,3,3,3,3,
3,30&28&3,3,28&3,30&3,3,3,9,3,3,3,30&28&3,3,3,3,3,
3,30&28&29&3,181&3,28&29&3,30&3,3,3,3,3,3,3,30&28&3,3,3,3,3,
3,3,3,3,28&30&3,3,3,3,3,3,3,30&28&3,3,3,3,3,
3,9,3,3,28&30&3,3,28&3,2,2,2,2,30&3,10,10,3,3,
3,3,3,3,28&30&3,3,28&3,0,0,0,0,30&3,10,10,3,3,
3,3,3,3,29&28&30&3,189&3,28&3,0,0,0,0,30&3,10,10,3,3,
3,3,3,3,3,3,28&3,0,0,0,0,30&3,3,3,3,3
</Tiles>
<Tiles height="2">
0,0,0,0,0,0,0,0,0,0,0,0,0,0,0,0,
0,0,0,0,0,0,0,0,0,0,0,0,0,0,0,0,
1,1,1,1,1,0,0,0,0,0,0,0,0,0,0,0,
0,1,1,1,1,0,0,0,0,0,0,0,0,0,0,0,
0,1,1,1,1,0,0,0,0,0,0,0,0,0,0,0,
0,1,1,1,1,0,0,0,1,0,0,0,0,0,0,0,
0,1,1,1,1,0,0,0,1,1,0,0,0,0,0,0,
0,1,1,1,1,1,1,1,1,1,0,0,0,0,0,0,
0,1,0,1,1,1,1,0,0,1,1,1,0,0,0,0,
0,1,0,1,1,0,0,0,0,0,0,1,0,0,0,0,
0,1,1,1,1,0,0,0,0,0,0,1,0,0,0,0,
0,0,0,0,1,0,0,0,0,0,0,1,0,0,0,0,
0,0,0,0,1,0,1,1,1,1,1,1,0,0,0,0,
0,0,0,0,1,0,1,1,1,1,1,1,0,0,0,0,
0,0,0,0,1,1,1,1,1,1,1,1,0,0,0,0,
0,0,0,0,0,0,1,1,1,1,1,1,0,0,0,0
</Tiles>
<Tiles height="-1">
0,0,0,0,0,0,0,0,0,0,0,0,0,0,0,0,
0,0,0,0,0,0,0,0,0,0,0,0,0,0,0,0,
35,0,0,0,0,0,0,0,0,0,0,0,0,0,0,0,
0,0,0,0,0,0,0,0,0,0,0,0,0,0,0,0,
0,0,0,0,0,0,0,0,0,0,0,0,0,0,0,0,
0,0,0,0,0,0,0,0,0,0,0,0,0,0,0,0,
0,0,0,0,0,0,0,0,0,0,0,0,0,0,0,0,
0,0,0,0,0,0,0,29,29,0,0,0,0,0,0,0,
0,0,0,0,0,0,30,0,0,28,0,0,0,0,0,0,
0,0,0,0,0,0,0,0,0,0,0,0,0,0,0,0,
0,0,0,0,0,0,0,0,0,0,0,0,0,0,0,0,
0,0,0,0,0,0,0,0,0,0,0,0,0,0,0,0,
0,0,0,0,0,0,0,0,0,0,0,0,0,0,0,0,
0,0,0,0,0,0,0,0,0,0,0,0,0,0,0,0,
0,0,0,0,0,0,0,0,0,0,0,0,0,0,0,0,
0,0,0,0,0,0,0,0,0,0,0,0,0,0,0,0
</Tiles>
</Chunk>
<Chunk position="-1,-1">
<Tiles height="1">
0,0,0,0,0,0,0,0,0,0,0,0,0,30,0,28&30,
0,0,0,0,0,0,0,0,0,0,0,0,0,29&30,296,29&28&30,
0,0,0,0,0,0,0,0,0,0,0,0,30&29,0,0,0,
0,0,0,0,0,0,0,0,0,0,0,0,0,0,0,0,
0,0,0,0,0,0,0,0,0,0,0,0,0,0,0,0,
0,0,0,0,0,0,0,0,0,0,0,0,0,0,0,0,
0,0,0,0,0,0,0,0,0,0,0,0,0,0,0,0,
0,0,0,0,0,0,0,0,0,0,0,0,0,0,0,0,
0,0,0,0,0,0,0,0,0,0,0,0,0,0,0,0,
0,0,0,0,0,0,0,0,0,0,0,0,0,0,0,0,
0,0,0,0,0,0,0,0,0,0,0,0,0,0,0,0,
0,0,0,0,0,0,0,0,0,0,0,0,0,0,0,0,
0,0,0,0,0,0,0,0,0,0,0,0,0,0,0,0,
0,0,0,0,0,0,0,0,0,0,0,0,0,0,0,0,
0,0,0,0,0,0,0,0,0,0,0,0,0,0,0,0,
0,0,0,0,0,0,0,0,0,0,0,0,0,0,0,0
</Tiles>
<Tiles height="0">
1,1,1,1,1,1,1,1,1,0,0,0,0,30&3,3,3&28&30,
0,0,0,0,0,0,0,0,0,0,0,0,0,29&30&3,185&3,3&28&30&29,
0,0,0,0,0,0,0,0,0,0,0,0,30&29,3,3,3,
0,0,0,0,0,0,0,0,0,0,0,0,2,2,2,2,
0,0,0,0,0,0,0,0,0,0,0,0,0,0,0,0,
0,0,0,0,0,0,0,0,0,0,0,0,0,0,0,0,
0,0,0,0,0,0,0,0,0,0,0,0,0,0,0,0,
0,0,0,0,0,0,0,0,0,0,0,0,0,0,0,0,
0,0,0,0,0,0,0,0,0,0,0,0,0,0,0,0,
0,0,0,0,0,0,0,0,0,0,0,0,0,0,0,0,
0,0,0,0,0,0,0,0,0,0,0,0,0,0,0,0,
0,0,0,0,0,0,0,0,0,0,0,0,0,0,0,0,
0,0,0,0,0,0,0,0,0,0,0,0,0,0,0,0,
0,0,0,0,0,0,0,0,0,0,0,0,0,0,0,0,
0,0,0,0,0,0,0,0,0,0,0,0,0,0,0,0,
0,0,0,0,0,0,0,0,0,0,0,0,0,0,0,0
</Tiles>
<Tiles height="3">
0,0,0,0,0,0,0,0,0,0,0,0,0,0,0,0,
0,0,0,0,0,0,0,0,0,0,0,0,0,0,0,0,
0,0,0,0,0,0,0,0,0,0,0,0,0,0,0,0,
0,0,0,0,0,0,0,0,0,0,0,0,0,0,0,0,
0,0,0,0,0,0,0,0,0,0,0,0,0,0,0,0,
0,0,0,0,0,0,0,0,0,0,0,0,0,0,0,0,
0,0,0,0,0,0,0,0,0,0,0,0,0,0,0,0,
0,0,0,0,0,0,0,0,0,0,0,0,0,0,0,0,
0,0,0,0,0,0,0,0,0,0,0,0,0,0,0,0,
0,0,0,0,0,0,0,0,0,0,0,0,0,0,0,0,
0,0,0,0,0,0,0,0,0,0,0,0,0,0,0,0,
0,0,0,0,0,0,0,0,0,0,0,0,0,0,0,0,
0,0,0,0,0,0,0,0,0,0,0,0,0,0,0,0,
0,0,0,0,0,0,0,0,0,0,0,0,0,0,0,0,
0,0,0,0,0,0,0,0,0,0,0,0,0,0,0,0,
0,0,0,0,0,0,0,0,0,0,0,0,0,0,0,0
</Tiles>
<Tiles height="2">
0,0,0,0,0,0,0,0,0,0,0,0,1,1,0,1,
0,0,0,0,0,0,0,0,0,0,0,0,1,1,1,1,
0,0,0,0,0,0,0,0,0,0,0,0,1,0,0,0,
0,0,0,0,0,0,0,0,0,0,0,0,0,0,0,0,
0,0,0,0,0,0,0,0,0,0,0,0,0,0,0,0,
0,0,0,0,0,0,0,0,0,0,0,0,0,0,0,0,
0,0,0,0,0,0,0,0,0,0,0,0,0,0,0,0,
0,0,0,0,0,0,0,0,0,0,0,0,0,0,0,0,
0,0,0,0,0,0,0,0,0,0,0,0,0,0,0,0,
0,0,0,0,0,0,0,0,0,0,0,0,0,0,0,0,
0,0,0,0,0,0,0,0,0,0,0,0,0,0,0,0,
0,0,0,0,0,0,0,0,0,0,0,0,0,0,0,0,
0,0,0,0,0,0,0,0,0,0,0,0,0,0,0,0,
0,0,0,0,0,0,0,0,0,0,0,0,0,0,0,0,
0,0,0,0,0,0,0,0,0,0,0,0,0,0,0,0,
0,0,0,0,0,0,0,0,0,0,0,0,0,0,0,0
</Tiles>
</Chunk>
<Chunk position="1,-1">
<Tiles height="0">
0,0,0,0,0,0,0,0,0,0,0,0,0,0,2,2,
0,0,0,0,0,0,0,0,0,0,0,0,0,0,0,0,
0,0,0,0,0,0,0,0,0,0,0,0,0,0,0,0,
0,0,0,0,0,0,0,0,0,0,0,0,0,0,0,0,
0,0,0,0,0,0,0,0,0,0,0,0,0,0,0,0,
0,0,0,0,0,0,0,0,0,0,0,0,0,0,0,0,
0,0,0,0,0,0,0,0,0,0,0,0,0,0,0,0,
0,0,0,0,0,0,0,0,0,0,0,0,0,0,0,0,
0,0,0,0,0,0,0,0,0,0,0,0,0,0,0,0,
0,0,0,0,0,0,0,0,0,0,0,0,0,0,0,0,
0,0,0,0,0,0,0,0,0,0,0,0,0,0,0,0,
0,0,0,0,0,0,0,0,0,0,0,0,0,0,0,0,
0,0,0,0,0,0,0,0,0,0,0,0,0,0,0,0,
0,0,0,0,0,0,0,0,0,0,0,0,0,0,0,0,
0,0,0,0,0,0,0,0,0,0,0,0,0,0,0,0,
0,0,0,0,0,0,0,0,0,0,0,0,0,0,0,0
</Tiles>
<Tiles height="1">
0,0,0,0,0,0,0,0,0,0,0,0,0,0,0,0,
0,0,0,0,0,0,0,0,0,0,0,0,0,0,0,0,
0,0,0,0,0,0,0,0,0,0,0,0,0,0,0,0,
0,0,0,0,0,0,0,0,0,0,0,0,0,0,0,0,
0,0,0,0,0,0,0,0,0,0,0,0,0,0,0,0,
0,0,0,0,0,0,0,0,0,0,0,0,0,0,0,0,
0,0,0,0,0,0,0,0,0,0,0,0,0,0,0,0,
0,0,0,0,0,0,0,0,0,0,0,0,0,0,0,0,
0,0,0,0,0,0,0,0,0,0,0,0,0,0,0,0,
0,0,0,0,0,0,0,0,0,0,0,0,0,0,0,0,
0,0,0,0,0,0,0,0,0,0,0,0,0,0,0,0,
0,0,0,0,0,0,0,0,0,0,0,0,0,0,0,0,
0,0,0,0,0,0,0,0,0,0,0,0,0,0,0,0,
0,0,0,0,0,0,0,0,0,0,0,0,0,0,0,0,
0,0,0,0,0,0,0,0,0,0,0,0,0,0,0,0,
0,0,0,0,0,0,0,0,0,0,0,0,0,0,0,0
</Tiles>
</Chunk>
<Chunk position="0,0">
<Tiles height="2">
0,0,0,0,0,0,0,0,0,0,0,0,0,0,0,0,
0,0,0,0,0,0,0,0,0,0,0,0,0,0,0,0,
0,0,0,0,0,0,0,0,0,0,0,0,0,0,0,0,
0,0,0,0,0,0,0,0,0,0,0,0,0,0,0,0,
0,0,0,0,0,0,0,0,0,0,0,0,0,0,0,0,
0,0,0,0,0,0,0,0,0,0,0,0,0,0,0,0,
0,0,0,0,0,0,0,0,0,0,0,0,0,0,0,0,
0,0,0,0,0,0,0,0,0,0,0,0,0,0,0,0,
2,2,2,2,2,2,2,2,2,2,2,2,2,2,2,1&2,
0,0,0,0,0,1,0,0,0,0,0,0,0,0,0,0,
0,0,0,0,0,0,0,0,0,0,0,0,0,0,0,0,
0,0,0,0,0,0,0,0,0,0,0,0,0,0,0,0,
0,0,0,0,0,0,0,0,0,0,0,0,0,0,0,0,
0,0,0,0,0,0,0,0,0,0,0,0,0,0,0,0,
0,0,0,0,0,0,0,0,0,0,0,0,0,0,0,0,
0,0,0,0,0,0,0,0,0,0,0,0,0,0,0,0
</Tiles>
<Tiles height="0">
0,0,0,0,0,0,0,0,0,0,0,0,0,0,0,0,
0,0,0,0,0,0,0,0,0,0,0,0,0,0,0,0,
0,0,0,0,0,0,0,0,0,0,0,0,0,0,0,0,
0,0,0,0,0,0,0,0,0,0,0,0,0,0,0,0,
0,0,0,0,0,0,0,0,0,0,0,0,0,0,0,0,
0,0,0,0,0,0,0,0,0,0,0,0,0,0,0,0,
0,0,0,0,0,0,0,0,0,0,0,0,0,0,0,0,
0,0,0,0,0,0,0,0,0,0,0,0,0,0,0,0,
29&3,62&3,29&3,32&3,29&3,3,29&3,29,29,29,29&3,29,29&3,29,29,29,
3,3,3,3,3,55&53&73,3,9,9,9,3,11,3,10,10,10,
3,3,3,3,3,3,3,9,9,9,3,3,3,10,10,10,
3,3,3,3,3,3,3,9,9,9,3,3,3,10,10,10,
3,3,3,3,3,3,3,9,9,9,3,3,3,10,10,10,
3,3,3,3,3,3,3,9,9,9,3,3,3,10,10,10,
3,3,3,3,3,3,3,9,9,9,3,3,3,10,10,10,
3,3,3,3,3,3,3,9,9,9,3,3,3,10,10,10
</Tiles>
<Tiles height="1">
0,0,0,0,0,0,0,0,0,0,0,0,0,0,0,0,
0,0,0,0,0,0,0,0,0,0,0,0,0,0,0,0,
0,0,0,0,0,0,0,0,0,0,0,0,0,0,0,0,
0,0,0,0,0,0,0,0,0,0,0,0,0,0,0,0,
0,0,0,0,0,0,0,0,0,0,0,0,0,0,0,0,
0,0,0,0,0,0,0,0,0,0,0,0,0,0,0,0,
0,0,0,0,0,0,0,0,0,0,0,0,0,0,0,0,
0,0,0,0,0,0,0,0,0,0,0,0,0,0,0,0,
29,63,29,29,29,0,29,29,29,29,29,29,29,29,29,29,
0,0,0,0,0,55&71&53,0,0,0,0,0,0,0,0,0,0,
0,0,0,0,0,0,0,0,0,0,0,0,0,0,0,0,
0,0,0,0,0,0,0,0,0,0,0,0,0,0,0,0,
0,0,0,0,0,0,0,0,0,0,0,0,0,0,0,0,
0,0,0,0,0,0,0,0,0,0,0,0,0,0,0,0,
0,0,0,0,0,0,0,0,0,0,0,0,0,0,0,0,
0,0,0,0,0,0,0,0,0,0,0,0,0,0,0,0
</Tiles>
<Tiles height="-1">
0,0,0,0,0,0,0,0,0,0,0,0,0,0,0,0,
0,0,0,0,0,0,0,0,0,0,0,0,0,0,0,0,
0,0,0,0,0,0,0,0,0,0,0,0,0,0,0,0,
0,0,0,0,0,0,0,0,0,0,0,0,0,0,0,0,
0,0,0,0,0,0,0,0,0,0,0,0,0,0,0,0,
0,0,0,0,0,0,0,0,0,0,0,0,0,0,0,0,
0,0,0,0,0,0,0,0,0,0,0,0,0,0,0,0,
0,0,0,0,0,0,0,0,0,0,0,0,0,0,0,0,
0,0,0,0,0,0,0,35,35,35,0,35,0,35,35,35,
0,0,0,0,0,3,0,0,0,0,0,0,0,0,0,0,
0,0,0,0,0,0,0,0,0,0,0,0,0,0,0,0,
0,0,0,0,0,0,0,0,0,0,0,0,0,0,0,0,
0,0,0,0,0,0,0,0,0,0,0,0,0,0,0,0,
0,0,0,0,0,0,0,0,0,0,0,0,0,0,0,0,
0,0,0,0,0,0,0,0,0,0,0,0,0,0,0,0,
0,0,0,0,0,0,0,0,0,0,0,0,0,0,0,0
</Tiles>
</Chunk>
<Chunk position="-4,0">
<Tiles height="1">
0,0,0,0,0,0,0,0,0,0,0,0,0,0,0,0,
0,0,0,0,0,0,0,0,0,0,0,0,0,0,0,0,
0,0,0,0,0,0,0,0,0,0,0,0,0,0,0,29,
0,0,0,0,0,0,0,0,0,0,0,0,0,0,30,0,
0,0,0,0,0,0,0,0,0,0,29,29,29,29,30,0,
29,0,29,29,29,29,29,29,29,30,0,0,0,0,28,0,
0,28&30,0,0,0,0,0,0,0,28&30,0,0,0,0,28,0,
0,28&30,0,0,0,0,0,0,0,278&28,290,293,293,281,290,29,
0,28&29&30,292,28&30,0,0,0,0,0,0,0,0,0,0,0,0,
0,0,0,28&30,0,0,0,0,0,0,0,0,0,0,0,0,
0,0,0,28&30,0,0,71&55&53,0,0,0,0,0,0,0,0,0,
0,0,0,28&30,0,0,0,0,0,0,0,0,0,0,0,0,
0,0,0,28&30,0,0,0,0,0,0,0,0,0,0,0,0,
0,0,0,28&30,0,0,0,0,0,0,0,0,0,0,0,0,
0,0,0,28&30,0,0,0,0,0,0,0,0,0,0,0,0,
0,0,0,28&30,0,0,0,0,0,0,0,0,0,0,0,0
</Tiles>
<Tiles height="0">
0,0,0,0,0,0,0,0,0,0,0,0,0,0,0,0,
0,0,0,0,0,0,0,0,0,0,0,0,0,0,0,0,
0,0,0,0,0,0,0,0,0,0,0,0,0,0,3,29&3,
0,0,0,0,0,0,0,0,0,0,0,0,0,0,30&3,3,
0,0,0,0,0,0,0,0,0,0,29,29&3,227&3,29&3,30&3,3,
29,0,29,29,29,29,29,29,29,30&3,3,3,3,3,3&28,3,
3,3&28&30,3,3,3,3,3,3,3,3&30&28,3,3,3,3,3&28,3,
3,3&28&30,3,3,3,3,3,3,3,277&3&28,290&3,173&3,173&3,279&3,284,3&29,
3,163&3&28,3&169,3&28&30,3,3,3,3,3,7,7,7,7,7,7,3,
3,3,3,3&28&30,3,3,3,3,3,7,7,7,7,7,7,3,
3,3,3,3&28&30,3,3,73&55&53,3,3,7,7,7,7,7,7,3,
3,3,3,3&28&30,3,3,3,3,3,7,7,7,7,7,7,3,
3,3,3,3&28&30,3,3,3,3,3,7,7,7,7,7,7,3,
3,3,3,3&28&30,3,3,3,3,3,3,3,3,3,3,3,3,
3,3,3,3&28&30,9,9,9,3,10,10,10,3,3,11,11,11,
3,3,3,3&28&30,9,9,9,3,10,10,10,3,3,11,11,11
</Tiles>
<Tiles height="2">
0,0,0,0,0,0,0,0,0,0,0,0,0,0,0,0,
0,0,0,0,0,0,0,0,0,0,0,0,0,0,0,0,
0,0,0,0,0,0,0,0,0,0,0,0,0,0,1,1,
0,0,0,0,0,0,0,0,0,1,1,1,1,1,1,0,
0,0,0,0,0,0,0,0,0,1,1,1,1,1,1,0,
1,1,0,0,0,0,0,0,0,1,0,0,0,0,1,1,
0,1,0,0,0,0,0,0,0,1,0,0,0,0,1,1,
0,1,0,0,0,0,0,0,0,1,1,1,1,1,1,1,
0,1,1,1,0,0,0,0,0,0,0,0,0,0,0,0,
0,0,0,1,0,0,0,0,0,0,0,0,0,0,0,0,
0,0,0,1,0,0,1,0,0,0,0,0,0,0,0,0,
0,0,0,1,0,0,0,0,0,0,0,0,0,0,0,0,
0,0,0,1,0,0,0,0,0,0,0,0,0,0,0,0,
0,0,0,1,0,0,0,0,0,0,0,0,0,0,0,0,
0,0,0,1,0,0,0,0,0,0,0,0,0,0,0,0,
0,0,0,1,0,0,0,0,0,0,0,0,0,0,0,0
</Tiles>
</Chunk>
<Chunk position="-6,-1">
<Tiles height="0">
0,0,0,0,0,0,0,0,0,0,0,0,0,0,0,0,
0,0,0,0,0,0,0,0,0,0,0,0,0,0,0,0,
0,0,0,0,0,0,0,0,0,0,0,0,0,0,0,0,
0,0,0,0,0,0,0,0,0,0,0,0,0,0,0,0,
0,0,0,0,0,0,0,0,0,0,0,0,0,0,0,0,
0,0,0,0,0,0,0,0,0,0,0,0,0,0,0,0,
0,0,0,0,0,0,0,0,0,0,0,0,0,0,0,0,
0,0,0,0,0,0,0,0,0,0,0,0,0,0,0,0,
0,0,0,0,0,0,0,0,0,0,0,0,0,0,0,0,
0,0,0,0,0,0,0,0,0,0,0,0,0,0,0,0,
0,0,0,0,0,0,0,0,0,0,0,0,0,0,0,0,
0,0,0,0,0,0,0,0,0,0,0,0,0,0,0,0,
0,0,0,0,0,0,0,0,0,0,0,0,0,0,0,0,
0,0,0,0,0,0,0,0,0,0,0,0,0,0,0,0,
0,0,0,0,0,0,0,0,0,0,0,0,0,0,0,0,
0,0,0,0,0,0,0,0,0,0,0,0,0,0,0,0
</Tiles>
</Chunk>
<Chunk position="-3,-1">
<Tiles height="2">
0,0,0,0,0,0,0,1,0,0,0,0,0,0,0,0,
0,0,0,0,0,0,0,0,0,0,0,0,0,0,0,0,
0,0,0,0,0,0,0,0,0,0,0,0,0,0,0,0,
0,0,0,0,0,0,0,0,0,0,0,0,0,0,0,0,
0,0,0,0,0,0,0,0,0,0,0,0,0,0,0,0,
0,0,0,0,0,0,0,0,0,0,0,0,0,0,0,0,
0,0,0,0,0,0,0,0,0,0,0,0,0,0,0,0,
0,0,0,0,0,0,0,0,0,0,0,0,0,0,0,0,
0,0,0,0,0,0,0,0,0,0,0,0,0,0,0,0,
0,0,0,0,0,0,0,0,0,0,0,0,0,0,0,0,
0,0,0,0,0,0,0,0,0,0,0,0,0,0,0,0,
0,0,0,0,0,0,0,0,0,0,0,0,0,0,0,0,
0,0,0,0,0,0,0,0,0,0,0,0,0,0,0,0,
0,0,0,0,0,0,0,0,0,0,0,0,0,0,0,0,
0,0,0,0,0,0,0,0,0,0,0,0,0,0,0,0,
0,0,0,0,0,0,0,0,0,0,0,0,0,0,0,0
</Tiles>
<Tiles height="0">
9,9,9,9,9,9,9,3&28&30&29,10,10,10,10,10,10,10,10,
2,2,2,2,2,2,2,2,2,2,2,2,2,2,2,2,
0,0,0,0,0,0,0,0,0,0,0,0,0,0,0,0,
0,0,0,0,0,0,0,0,0,0,0,0,0,0,0,0,
0,0,0,0,0,0,0,0,0,0,0,0,0,0,0,0,
0,0,0,0,0,0,0,0,0,0,0,0,0,0,0,0,
0,0,0,0,0,0,0,0,0,0,0,0,0,0,0,0,
0,0,0,0,0,0,0,0,0,0,0,0,0,0,0,0,
0,0,0,0,0,0,0,0,0,0,0,0,0,0,0,0,
0,0,0,0,0,0,0,0,0,0,0,0,0,0,0,0,
0,0,0,0,0,0,0,0,0,0,0,0,0,0,0,0,
0,0,0,0,0,0,0,0,0,0,0,0,0,0,0,0,
0,0,0,0,0,0,0,0,0,0,0,0,0,0,0,0,
0,0,0,0,0,0,0,0,0,0,0,0,0,0,0,0,
0,0,0,0,0,0,0,0,0,0,0,0,0,0,0,0,
0,0,0,0,0,0,0,0,0,0,0,0,0,0,0,0
</Tiles>
<Tiles height="1">
0,0,0,0,0,0,0,28&30&29,0,0,0,0,0,0,0,0,
0,0,0,0,0,0,0,0,0,0,0,0,0,0,0,0,
0,0,0,0,0,0,0,0,0,0,0,0,0,0,0,0,
0,0,0,0,0,0,0,0,0,0,0,0,0,0,0,0,
0,0,0,0,0,0,0,0,0,0,0,0,0,0,0,0,
0,0,0,0,0,0,0,0,0,0,0,0,0,0,0,0,
0,0,0,0,0,0,0,0,0,0,0,0,0,0,0,0,
0,0,0,0,0,0,0,0,0,0,0,0,0,0,0,0,
0,0,0,0,0,0,0,0,0,0,0,0,0,0,0,0,
0,0,0,0,0,0,0,0,0,0,0,0,0,0,0,0,
0,0,0,0,0,0,0,0,0,0,0,0,0,0,0,0,
0,0,0,0,0,0,0,0,0,0,0,0,0,0,0,0,
0,0,0,0,0,0,0,0,0,0,0,0,0,0,0,0,
0,0,0,0,0,0,0,0,0,0,0,0,0,0,0,0,
0,0,0,0,0,0,0,0,0,0,0,0,0,0,0,0,
0,0,0,0,0,0,0,0,0,0,0,0,0,0,0,0
</Tiles>
</Chunk>
<Chunk position="1,0">
<Tiles height="1">
0,0,0,0,0,0,0,0,0,0,0,0,0,0,0,0,
0,0,0,0,0,0,0,0,0,0,0,0,0,0,0,0,
0,0,0,0,0,0,0,0,0,0,0,0,0,0,0,0,
0,0,0,0,0,0,0,0,0,0,0,0,0,0,0,0,
0,0,0,0,0,0,0,0,0,0,0,0,0,0,0,0,
0,0,0,0,0,0,0,0,0,0,0,0,0,0,0,0,
0,0,0,0,0,0,0,0,0,0,0,0,0,0,0,0,
0,0,0,0,0,0,0,0,0,0,0,0,0,0,0,0,
0,0,0,0,0,0,0,0,0,0,0,0,0,0,0,29,
0,0,0,0,0,0,0,0,0,0,0,0,0,0,30,0,
0,0,0,0,0,0,0,0,0,0,0,0,0,0,30,0,
0,0,0,0,0,0,0,0,0,0,0,0,0,0,30,0,
0,0,0,0,0,0,0,0,0,0,0,0,0,0,30,0,
0,0,0,0,0,0,0,0,0,0,0,0,0,0,30,0,
0,0,0,0,0,0,0,0,0,0,0,0,0,0,30,0,
0,0,0,0,0,0,0,0,0,0,0,0,0,0,30&29,0
</Tiles>
<Tiles height="0">
0,0,0,0,0,0,0,0,0,0,0,0,0,0,0,0,
0,0,0,0,0,0,0,0,0,0,0,0,0,0,0,0,
0,0,0,0,0,0,0,0,0,0,0,0,0,0,0,0,
0,0,0,0,0,0,0,0,0,0,0,0,0,0,0,0,
0,0,0,0,0,0,0,0,0,0,0,0,0,0,0,0,
0,0,0,0,0,0,0,0,0,0,0,0,0,0,0,0,
0,0,0,0,0,0,0,0,0,0,0,0,0,0,0,0,
0,0,0,0,0,0,0,0,0,0,0,0,0,0,0,0,
0,0,0,0,0,0,0,0,0,0,0,0,0,0,3,29&3,
0,0,0,0,0,0,0,0,0,0,0,0,0,0,30&3,3,
0,0,0,0,0,0,0,0,0,0,0,0,0,0,30&3,3,
0,0,0,0,0,0,0,0,0,0,0,0,0,0,30&3,3,
0,0,0,0,0,0,0,0,0,0,0,0,0,0,30&3,3,
0,0,0,0,0,0,0,0,0,0,0,0,0,0,30&3,3,
0,0,0,0,0,0,0,0,0,0,0,0,0,0,30&3,3,
0,0,0,0,0,0,0,0,0,0,0,0,0,0,30&29&3,3
</Tiles>
<Tiles height="2">
0,0,0,0,0,0,0,0,0,0,0,0,0,0,0,0,
0,0,0,0,0,0,0,0,0,0,0,0,0,0,0,0,
0,0,0,0,0,0,0,0,0,0,0,0,0,0,0,0,
0,0,0,0,0,0,0,0,0,0,0,0,0,0,0,0,
0,0,0,0,0,0,0,0,0,0,0,0,0,0,0,0,
0,0,0,0,0,0,0,0,0,0,0,0,0,0,0,0,
0,0,0,0,0,0,0,0,0,0,0,0,0,0,0,0,
0,0,0,0,0,0,0,0,0,0,0,0,0,0,0,0,
0,0,0,0,0,0,0,0,0,0,0,0,0,0,2,2,
0,0,0,0,0,0,0,0,0,0,0,0,0,0,2,0,
0,0,0,0,0,0,0,0,0,0,0,0,0,0,2,0,
0,0,0,0,0,0,0,0,0,0,0,0,0,0,2,0,
0,0,0,0,0,0,0,0,0,0,0,0,0,0,2,0,
0,0,0,0,0,0,0,0,0,0,0,0,0,0,2,0,
0,0,0,0,0,0,0,0,0,0,0,0,0,0,2,0,
0,0,0,0,0,0,0,0,0,0,0,0,0,0,2,0
</Tiles>
</Chunk>
<Chunk position="-4,-1">
<Tiles height="1">
0,0,0,28&30&29,0,0,0,0,0,0,0,0,0,0,0,0,
0,0,0,0,0,0,0,0,0,0,0,0,0,0,0,0,
0,0,0,0,0,0,0,0,0,0,0,0,0,0,0,0,
0,0,0,0,0,0,0,0,0,0,0,0,0,0,0,0,
0,0,0,0,0,0,0,0,0,0,0,0,0,0,0,0,
0,0,0,0,0,0,0,0,0,0,0,0,0,0,0,0,
0,0,0,0,0,0,0,0,0,0,0,0,0,0,0,0,
0,0,0,0,0,0,0,0,0,0,0,0,0,0,0,0,
0,0,0,0,0,0,0,0,0,0,0,0,0,0,0,0,
0,0,0,0,0,0,0,0,0,0,0,0,0,0,0,0,
0,0,0,0,0,0,0,0,0,0,0,0,0,0,0,0,
0,0,0,0,0,0,0,0,0,0,0,0,0,0,0,0,
0,0,0,0,0,0,0,0,0,0,0,0,0,0,0,0,
0,0,0,0,0,0,0,0,0,0,0,0,0,0,0,0,
0,0,0,0,0,0,0,0,0,0,0,0,0,0,0,0,
0,0,0,0,0,0,0,0,0,0,0,0,0,0,0,0
</Tiles>
<Tiles height="0">
10,10,10,3&28&30&29,9,9,9,3,10,10,10,3,3,11,11,11,
2,2,2,2,2,2,2,2,2,2,2,2,2,2,2,2,
0,0,0,0,0,0,0,0,0,0,0,0,0,0,0,0,
0,0,0,0,0,0,0,0,0,0,0,0,0,0,0,0,
0,0,0,0,0,0,0,0,0,0,0,0,0,0,0,0,
0,0,0,0,0,0,0,0,0,0,0,0,0,0,0,0,
0,0,0,0,0,0,0,0,0,0,0,0,0,0,0,0,
0,0,0,0,0,0,0,0,0,0,0,0,0,0,0,0,
0,0,0,0,0,0,0,0,0,0,0,0,0,0,0,0,
0,0,0,0,0,0,0,0,0,0,0,0,0,0,0,0,
0,0,0,0,0,0,0,0,0,0,0,0,0,0,0,0,
0,0,0,0,0,0,0,0,0,0,0,0,0,0,0,0,
0,0,0,0,0,0,0,0,0,0,0,0,0,0,0,0,
0,0,0,0,0,0,0,0,0,0,0,0,0,0,0,0,
0,0,0,0,0,0,0,0,0,0,0,0,0,0,0,0,
0,0,0,0,0,0,0,0,0,0,0,0,0,0,0,0
</Tiles>
<Tiles height="2">
0,0,0,1,0,0,0,0,0,0,0,0,0,0,0,0,
0,0,0,0,0,0,0,0,0,0,0,0,0,0,0,0,
0,0,0,0,0,0,0,0,0,0,0,0,0,0,0,0,
0,0,0,0,0,0,0,0,0,0,0,0,0,0,0,0,
0,0,0,0,0,0,0,0,0,0,0,0,0,0,0,0,
0,0,0,0,0,0,0,0,0,0,0,0,0,0,0,0,
0,0,0,0,0,0,0,0,0,0,0,0,0,0,0,0,
0,0,0,0,0,0,0,0,0,0,0,0,0,0,0,0,
0,0,0,0,0,0,0,0,0,0,0,0,0,0,0,0,
0,0,0,0,0,0,0,0,0,0,0,0,0,0,0,0,
0,0,0,0,0,0,0,0,0,0,0,0,0,0,0,0,
0,0,0,0,0,0,0,0,0,0,0,0,0,0,0,0,
0,0,0,0,0,0,0,0,0,0,0,0,0,0,0,0,
0,0,0,0,0,0,0,0,0,0,0,0,0,0,0,0,
0,0,0,0,0,0,0,0,0,0,0,0,0,0,0,0,
0,0,0,0,0,0,0,0,0,0,0,0,0,0,0,0
</Tiles>
</Chunk>
<Chunk position="0,-1">
<Tiles height="0">
2,2,2,2,2,2,2,2,2,2,2,2,2,2,2,2,
0,0,0,0,0,0,0,0,0,0,0,0,0,0,0,0,
0,0,0,0,0,0,0,0,0,0,0,0,0,0,0,0,
0,0,0,0,0,0,0,0,0,0,0,0,0,0,0,0,
0,0,0,0,0,0,0,0,0,0,0,0,0,0,0,0,
0,0,0,0,0,0,0,0,0,0,0,0,0,0,0,0,
0,0,0,0,0,0,0,0,0,0,0,0,0,0,0,0,
0,0,0,0,0,0,0,0,0,0,0,0,0,0,0,0,
0,0,0,0,0,0,0,0,0,0,0,0,0,0,0,0,
0,0,0,0,0,0,0,0,0,0,0,0,0,0,0,0,
0,0,0,0,0,0,0,0,0,0,0,0,0,0,0,0,
0,0,0,0,0,0,0,0,0,0,0,0,0,0,0,0,
0,0,0,0,0,0,0,0,0,0,0,0,0,0,0,0,
0,0,0,0,0,0,0,0,0,0,0,0,0,0,0,0,
0,0,0,0,0,0,0,0,0,0,0,0,0,0,0,0,
0,0,0,0,0,0,0,0,0,0,0,0,0,0,0,0
</Tiles>
</Chunk>
<Chunk position="-1,0">
<Tiles height="1">
0,0,0,0,0,0,0,0,0,0,0,0,0,0,0,0,
0,0,0,0,0,0,0,0,0,0,0,0,0,0,0,0,
0,0,0,0,0,0,0,0,0,0,0,0,0,0,0,0,
0,0,0,0,0,29,29,29,29,29,29,29,29,29,29,29&30,
0,0,0,0,30,0,0,0,0,0,0,0,0,0,0,0,
0,0,0,0,30,0,0,0,0,0,0,0,0,0,0,0,
0,0,0,0,30,0,28,0,0,0,0,0,0,0,0,30,
0,0,0,0,29&30,293,29&28,0,0,0,0,0,0,0,29,30,
29,29,29,28&30,0,0,0,28,0,0,0,0,0,30,0,28&30,
0,0,0,28&30,0,0,0,28,0,0,0,0,0,30,0,28&30,
0,0,0,28&30,29&30,292,29&28,0,0,0,0,0,0,30&29,294,29&28&30,
0,0,0,28&30,0,0,0,28,0,0,0,0,30,0,0,0,
0,0,0,28&30,0,0,0,28,0,0,0,0,30,0,0,0,
0,0,0,28&29&30,29&30,291,29&28,0,0,0,0,0,30,0,0,0,
0,0,0,0,0,0,0,28,0,0,0,0,30,29,29,29&30,
0,0,0,0,0,0,0,28&29,0,0,0,0,0,30,0,28&30
</Tiles>
<Tiles height="0">
0,0,0,0,0,0,0,0,0,0,0,0,0,0,0,0,
0,0,0,0,0,0,0,0,0,0,0,0,0,0,0,0,
0,0,0,0,0,0,0,0,0,0,0,0,0,0,0,3,
0,0,0,0,0,3&29,3&29,3&29,3&29,3&29,3&29,3&29,3&29,3&29,3&29,3&29&30,
0,0,0,0,30,3,3,3,3,3,3,3,3,3,3,3,
0,0,0,0,30,3,3,3,3,3,3,3,3,3,3,3,
0,0,0,0,30,3,28&1&2,2,1&2,1&2,1&2,1&2,2,1&2,1&2,2&30,
0,0,0,3,217&3&30,173&3,221&3&28,3,0,0,0,0,3,0,237&3,30&3,
29&3,29&3,29&3,30&3,3,3,3,28&3,0,0,0,0,3,30&3,3,3&28&30,
3,3,3,28&30&3,3,3,3,28&3,0,0,0,0,3,30&3,3,3&28&30,
3,3,3,28&30&3,207&3&30,169&3,209&3&28,3,0,0,0,0,3,231&3,177&3,3&28&30&29,
3,3,3,28&30&3,3,3,3,28&3,0,0,0,0,30&3,3,3,3,
3,3,3,28&30&3,3,3,3,28&3,0,0,0,0,30&3,3,3,9,
3,3,3,28&29&30&3,197&3&30,165&3,3&29&28,3,0,0,0,0,30&3,3,3,3,
3,3,3,3,3,3,3,28&3,0,0,0,0,30&3,3&29,261&3,3&29&30,
3,3,3,3,3,3,3,28&3&29,0,0,0,0,0,30&3,3,3&28&30
</Tiles>
<Tiles height="3">
0,0,0,0,0,0,0,0,0,0,0,0,0,0,0,0,
0,0,0,0,0,0,0,0,0,0,0,0,0,0,0,0,
0,0,0,0,0,0,0,0,0,0,0,0,0,0,0,0,
0,0,0,0,0,0,0,0,0,0,0,0,0,0,0,0,
0,0,0,0,0,0,0,0,0,0,0,0,0,0,0,0,
0,0,0,0,0,0,0,0,0,0,0,0,0,0,0,0,
0,0,0,0,0,0,0,0,0,0,0,0,0,0,0,0,
0,0,0,0,0,0,0,0,0,0,0,0,0,0,0,0,
0,0,0,0,0,0,0,0,0,0,0,0,0,0,0,0,
0,0,0,0,0,0,0,0,0,0,0,0,0,0,0,0,
0,0,0,0,0,0,0,0,0,0,0,0,0,0,0,0,
0,0,0,0,0,0,0,0,0,0,0,0,0,0,0,0,
0,0,0,0,0,0,0,0,0,0,0,0,0,0,0,0,
0,0,0,0,0,0,0,0,0,0,0,0,0,0,0,0,
0,0,0,0,0,0,0,0,0,0,0,0,0,0,0,0,
0,0,0,0,0,0,0,0,0,0,0,0,0,0,0,0
</Tiles>
<Tiles height="2">
0,0,0,0,0,0,0,0,0,0,0,0,0,0,0,0,
0,0,0,0,0,0,0,0,0,0,0,0,0,0,0,0,
0,0,0,0,0,0,0,0,0,0,0,0,0,0,0,1,
0,0,0,0,1,1,1,1,1,1,1,1,1,1,1,1,
0,0,0,0,1,0,0,0,0,0,0,0,0,0,0,0,
0,0,0,0,1,0,0,0,0,0,0,0,0,0,0,0,
0,0,0,0,1,0,1,1,1,1,1,1,1,1,1,1,
0,0,0,1,1,1,1,1,1,1,1,1,1,1,1,1,
1,1,1,1,0,0,0,1,1,1,1,1,1,1,0,1,
0,0,0,1,0,0,0,1,1,1,1,1,1,1,0,1,
0,0,0,1,1,1,1,1,1,1,1,1,1,1,1,1,
0,0,0,1,0,0,0,1,1,1,1,1,1,0,0,0,
0,0,0,1,0,0,0,1,1,1,1,1,1,0,0,0,
0,0,0,1,1,1,1,1,1,1,1,1,1,0,0,0,
0,0,0,0,0,0,0,1,1,1,1,1,1,1,1,1,
0,0,0,0,0,0,0,1,1,1,1,1,1,1,0,1
</Tiles>
</Chunk>
<Chunk position="-2,-1">
<Tiles height="1">
0,0,0,0,0,0,28,0,0,0,0,30&29,0,0,0,0,
0,0,0,0,0,0,28,0,0,0,0,0,0,0,0,0,
0,0,0,0,0,0,28&29,1,1,1,0,0,0,0,0,0,
0,0,0,0,0,0,0,0,0,0,0,0,0,0,0,0,
0,0,0,0,0,0,0,0,0,0,0,0,0,0,0,0,
0,0,0,0,0,0,0,0,0,0,0,0,0,0,0,0,
0,0,0,0,0,0,0,0,0,0,0,0,0,0,0,0,
0,0,0,0,0,0,0,0,0,0,0,0,0,0,0,0,
0,0,0,0,0,0,0,0,0,0,0,0,0,0,0,0,
0,0,0,0,0,0,0,0,0,0,0,0,0,0,0,0,
0,0,0,0,0,0,0,0,0,0,0,0,0,0,0,0,
0,0,0,0,0,0,0,0,0,0,0,0,0,0,0,0,
0,0,0,0,0,0,0,0,0,0,0,0,0,0,0,0,
0,0,0,0,0,0,0,0,0,0,0,0,0,0,0,0,
0,0,0,0,0,0,0,0,0,0,0,0,0,0,0,0,
0,0,0,0,0,0,0,0,0,0,0,0,0,0,0,0
</Tiles>
<Tiles height="0">
3,3,3,3,3,3,28&3,0,0,0,0,30&29&3,9,9,9,9,
3,3,3,3,3,3,28&3,0,0,0,0,2,2,2,2,2,
3,3,3,3,3,3,28&29&3,0,0,0,0,0,0,0,0,0,
2,2,2,2,2,2,2,0,0,0,0,0,0,0,0,0,
0,0,0,0,0,0,0,0,0,0,0,0,0,0,0,0,
0,0,0,0,0,0,0,0,0,0,0,0,0,0,0,0,
0,0,0,0,0,0,0,0,0,0,0,0,0,0,0,0,
0,0,0,0,0,0,0,0,0,0,0,0,0,0,0,0,
0,0,0,0,0,0,0,0,0,0,0,0,0,0,0,0,
0,0,0,0,0,0,0,0,0,0,0,0,0,0,0,0,
0,0,0,0,0,0,0,0,0,0,0,0,0,0,0,0,
0,0,0,0,0,0,0,0,0,0,0,0,0,0,0,0,
0,0,0,0,0,0,0,0,0,0,0,0,0,0,0,0,
0,0,0,0,0,0,0,0,0,0,0,0,0,0,0,0,
0,0,0,0,0,0,0,0,0,0,0,0,0,0,0,0,
0,0,0,0,0,0,0,0,0,0,0,0,0,0,0,0
</Tiles>
<Tiles height="2">
0,0,0,0,0,0,1,1,1,1,1,1,0,0,0,0,
0,0,0,0,0,0,1,1,1,1,1,0,0,0,0,0,
0,0,0,0,0,0,1,1,1,1,1,0,0,0,0,0,
0,0,0,0,0,0,0,0,0,0,1,0,0,0,0,0,
0,0,0,0,0,0,0,0,0,0,0,0,0,0,0,0,
0,0,0,0,0,0,0,0,0,0,0,0,0,0,0,0,
0,0,0,0,0,0,0,0,0,0,0,0,0,0,0,0,
0,0,0,0,0,0,0,0,0,0,0,0,0,0,0,0,
0,0,0,0,0,0,0,0,0,0,0,0,0,0,0,0,
0,0,0,0,0,0,0,0,0,0,0,0,0,0,0,0,
0,0,0,0,0,0,0,0,0,0,0,0,0,0,0,0,
0,0,0,0,0,0,0,0,0,0,0,0,0,0,0,0,
0,0,0,0,0,0,0,0,0,0,0,0,0,0,0,0,
0,0,0,0,0,0,0,0,0,0,0,0,0,0,0,0,
0,0,0,0,0,0,0,0,0,0,0,0,0,0,0,0,
0,0,0,0,0,0,0,0,0,0,0,0,0,0,0,0
</Tiles>
</Chunk>
<Chunk position="-7,2">
<Tiles height="1">
0,0,0,0,0,0,0,0,0,0,0,0,0,0,0,0,
0,0,0,0,0,0,0,0,0,0,0,0,0,0,0,0,
0,0,0,0,0,0,0,0,0,0,0,0,0,0,0,0,
0,0,0,0,0,0,0,0,0,0,0,0,0,0,0,0,
0,0,0,0,0,0,0,0,0,0,0,0,0,0,0,0,
0,0,0,0,0,0,0,0,0,0,0,0,0,0,0,0,
0,0,0,0,0,0,29,29,29,0,29,29,29,30,29,29,
0,0,0,0,0,30,0,0,0,28&30,0,0,0,28&30,0,0,
0,0,0,0,0,30,0,0,0,28&30,0,0,0,28&30,0,0,
0,0,0,0,0,30,0,0,0,28&30,0,0,0,28&30,0,0,
0,0,0,0,0,30&29,30&29,292,28&29,29,30&29,292,28&29,29&30,0,0,
0,0,0,0,30,0,0,0,0,0,0,0,0,0,0,0,
0,0,0,0,30,0,0,0,0,0,0,0,0,0,0,0,
0,0,0,0,30,0,0,0,28,29&30,29,29&28,30,0,0,0,
0,0,0,0,30,0,0,0,28&30,0,0,0,28&30,0,0,0,
0,0,0,0,30,0,0,0,28&30,0,0,0,28&30,0,0,0
</Tiles>
<Tiles height="0">
0,0,0,0,0,0,0,0,0,0,0,0,0,0,0,0,
0,0,0,0,0,0,0,0,0,0,0,0,0,0,0,0,
0,0,0,0,0,0,0,0,0,0,0,0,0,0,0,0,
0,0,0,0,0,0,0,0,0,0,0,0,0,0,0,0,
0,0,0,0,0,0,0,0,0,0,0,0,0,0,0,0,
0,0,0,0,0,0,0,0,0,0,0,0,0,0,0,0,
0,0,0,0,0,3,3&29,3&29,3&29,3,29&3,3&29,3&249,3&30,3&29,3&29,
0,0,0,0,0,30&3,3,3,3,3&28&30,3,3,3,3&28&30,3,3,
0,0,0,0,0,30&3,3,3,3,3&28&30,3,3,3,3&28&30,3,3,
0,0,0,0,0,30&3,3,3,3,3&28&30,3,3,3,3&28&30,3,3,
0,0,0,0,0,29&30&3,30&3&209,3,3&29&28,3&29,29&30&3,3&169,3&29&28,3&29&30,3,3,
0,0,0,0,3&30,3,10,3,3,3,3,3,3,3,3,3,
0,0,0,0,3&30,3,3,3,3,3,3,3,3,3,3,3,
0,0,0,0,3&30,3,3,3,28&3,3&29,3&29,247&3,3&30,3,3,3,
0,0,0,0,3&30,3,3,3,3&28&30,107,3,9,3&28&30,3,3,3,
0,0,0,0,3&30,3,3,3,28&30&3,3,3,3,28&30&3,3,3,3
</Tiles>
<Tiles height="2">
0,0,0,0,0,0,0,0,0,0,0,0,0,0,0,0,
0,0,0,0,0,0,0,0,0,0,0,0,0,0,0,0,
0,0,0,0,0,0,0,0,0,0,0,0,0,0,0,0,
0,0,0,0,0,0,0,0,0,0,0,0,0,0,0,0,
0,0,0,0,0,0,0,0,0,0,0,0,0,0,0,0,
0,0,0,0,0,0,0,0,0,0,0,0,0,0,0,0,
0,0,0,0,0,1,1,1,1,1,1,1,1,1,1,1,
0,0,0,0,0,1,0,0,0,1,0,0,0,1,0,0,
0,0,0,0,0,1,0,0,0,1,0,0,0,1,0,0,
0,0,0,0,0,1,0,0,0,1,0,0,0,1,0,0,
0,0,0,0,0,1,1,1,1,1,1,1,1,1,0,0,
0,0,0,0,0,0,0,0,0,0,0,0,0,0,0,0,
0,0,0,0,0,0,0,0,0,0,0,0,0,0,0,0,
0,0,0,0,0,0,0,0,1,1,1,1,1,0,0,0,
0,0,0,0,0,0,0,0,1,0,0,0,1,0,0,0,
0,0,0,0,0,0,0,0,1,0,0,0,1,0,0,0
</Tiles>
</Chunk>
<Chunk position="-7,0">
<Tiles height="0">
0,3,3,3,0,3,3,3,0,3,3,3,0,3,3,3,
0,3,3,3,0,3,3,3,0,3,3,3,0,3,3,3,
0,299&28&29&30,3,299&28&29&30,0,299&28&29&30,3&169,299&28&29&30,0,299&28&29&30,3&165,299&28&29&30,0,29&30&28,3&173,29&30&28,
0,0,3,0,0,0,3,0,0,0,3,0,0,0,3,0,
0,0,3,0,0,0,3,0,0,0,3,0,0,0,3,0,
3,3,3,3,3,3,3,3,3,3,3,3,3,3,3,0,
3,3,3,3,3,3,3,3,3,3,3,3,3,3,3,0,
0,0,0,0,0,0,0,0,0,0,0,0,0,0,0,0,
0,0,0,0,0,0,0,0,0,0,0,0,0,0,0,0,
0,0,0,0,0,0,0,0,0,0,0,0,0,0,0,0,
0,0,0,0,0,0,0,0,0,0,0,0,0,0,0,0,
0,0,0,0,0,0,0,0,0,0,0,0,0,0,0,0,
28,0,30&3,0,0,0,0,0,0,0,0,0,0,0,0,0,
32&28,62,29&30&3,0,0,0,0,0,0,0,0,0,0,0,0,0,
3,3,3,0,0,0,0,0,0,0,0,0,0,0,0,0,
3,3,3,0,0,0,0,0,0,0,0,0,0,0,0,0
</Tiles>
<Tiles height="1">
0,0,0,0,0,0,0,0,0,0,0,0,0,0,0,0,
0,0,0,0,0,0,0,0,0,0,0,0,0,0,0,0,
0,29&28&30,291,29&28&30,0,29&28&30,292,29&28&30,0,29&28&30,291,29&28&30,0,29&28&30,293,29&28&30,
0,0,0,0,0,0,0,0,0,0,0,0,0,0,0,0,
0,0,0,0,0,0,0,0,0,0,0,0,0,0,0,0,
0,0,0,0,0,0,0,0,0,0,0,0,0,0,0,0,
0,0,0,0,0,0,0,0,0,0,0,0,0,0,0,0,
0,0,0,0,0,0,0,0,0,0,0,0,0,0,0,0,
0,0,0,0,0,0,0,0,0,0,0,0,0,0,0,0,
0,0,0,0,0,0,0,0,0,0,0,0,0,0,0,0,
0,0,0,0,0,0,0,0,0,0,0,0,0,0,0,0,
0,0,0,0,0,0,0,0,0,0,0,0,0,0,0,0,
28,0,30,0,0,0,0,0,0,0,0,0,0,0,0,0,
28&29,63,29&30,0,0,0,0,0,0,0,0,0,0,0,0,0,
0,0,0,0,0,0,0,0,0,0,0,0,0,0,0,0,
0,0,0,0,0,0,0,0,0,0,0,0,0,0,0,0
</Tiles>
<Tiles height="2">
0,0,0,0,0,0,0,0,0,0,0,0,0,0,0,0,
0,0,0,0,0,0,0,0,0,0,0,0,0,0,0,0,
0,1,1,1,0,1,1,1,0,1,1,1,0,1,1,1,
0,0,0,0,0,0,0,0,0,0,0,0,0,0,0,0,
0,0,0,0,0,0,0,0,0,0,0,0,0,0,0,0,
0,0,0,0,0,0,0,0,0,0,0,0,0,0,0,0,
0,0,0,0,0,0,0,0,0,0,0,0,0,0,0,0,
0,0,0,0,0,0,0,0,0,0,0,0,0,0,0,0,
0,0,0,0,0,0,0,0,0,0,0,0,0,0,0,0,
0,0,0,0,0,0,0,0,0,0,0,0,0,0,0,0,
0,0,0,0,0,0,0,0,0,0,0,0,0,0,0,0,
0,0,0,0,0,0,0,0,0,0,0,0,0,0,0,0,
1,1,1,0,0,0,0,0,0,0,0,0,0,0,0,0,
1,1,1,0,0,0,0,0,0,0,0,0,0,0,0,0,
0,0,0,0,0,0,0,0,0,0,0,0,0,0,0,0,
0,0,0,0,0,0,0,0,0,0,0,0,0,0,0,0
</Tiles>
<Tiles height="-1">
0,0,0,0,0,0,0,0,0,0,0,0,0,0,0,0,
0,0,0,0,0,0,0,0,0,0,0,0,0,0,0,0,
0,0,0,0,0,0,0,0,0,0,0,0,0,0,0,0,
0,0,0,0,0,0,0,0,0,0,0,0,0,0,0,0,
0,0,0,0,0,0,0,0,0,0,0,0,0,0,0,0,
0,0,0,0,0,0,0,0,0,0,0,0,0,0,0,0,
0,0,0,0,0,0,0,0,0,0,0,0,0,0,0,0,
0,0,0,0,0,0,0,0,0,0,0,0,0,0,0,0,
0,0,0,0,0,0,0,0,0,0,0,0,0,0,0,0,
0,0,0,0,0,0,0,0,0,0,0,0,0,0,0,0,
0,0,0,0,0,0,0,0,0,0,0,0,0,0,0,0,
0,0,0,0,0,0,0,0,0,0,0,0,0,0,0,0,
0,0,0,0,0,0,0,0,0,0,0,0,0,0,0,0,
0,0,0,0,0,0,0,0,0,0,0,0,0,0,0,0,
0,0,0,0,0,0,0,0,0,0,0,0,0,0,0,0,
0,0,0,0,0,0,0,0,0,0,0,0,0,0,0,0
</Tiles>
<Tiles height="-2">
0,0,0,0,0,0,0,0,0,0,0,0,0,0,0,0,
0,0,0,0,0,0,0,0,0,0,0,0,0,0,0,0,
0,0,0,0,0,0,0,0,0,0,0,0,0,0,0,0,
0,0,0,0,0,0,0,0,0,0,0,0,0,0,0,0,
0,0,0,0,0,0,0,0,0,0,0,0,0,0,0,0,
0,0,0,0,0,0,0,0,0,0,0,0,0,0,0,0,
0,0,0,0,0,0,0,0,0,0,0,0,0,0,0,0,
0,0,0,0,0,0,0,0,0,0,0,0,0,0,0,0,
0,0,0,0,0,0,0,0,0,0,0,0,0,0,0,0,
0,0,0,0,0,0,0,0,0,0,0,0,0,0,0,0,
0,0,0,0,0,0,0,0,0,0,0,0,0,0,0,0,
0,0,0,0,0,0,0,0,0,0,0,0,0,0,0,0,
0,0,0,0,0,0,0,0,0,0,0,0,0,0,0,0,
0,0,0,0,0,0,0,0,0,0,0,0,0,0,0,0,
0,0,0,0,0,0,0,0,0,0,0,0,0,0,0,0,
0,0,0,0,0,0,0,0,0,0,0,0,0,0,0,0
</Tiles>
<Tiles height="-3">
0,0,0,0,0,0,0,0,0,0,0,0,0,0,0,0,
0,0,0,0,0,0,0,0,0,0,0,0,0,0,0,0,
0,0,0,0,0,0,0,0,0,0,0,0,0,0,0,0,
0,0,0,0,0,0,0,0,0,0,0,0,0,0,0,0,
0,0,0,0,0,0,0,0,0,0,0,0,0,0,0,0,
0,0,0,0,0,0,0,0,0,0,0,0,0,0,0,0,
0,0,0,0,0,0,0,0,0,0,0,0,0,0,0,0,
0,0,0,0,0,0,0,0,0,0,0,0,0,0,0,0,
0,0,0,0,0,0,0,0,0,0,0,0,0,0,0,0,
0,0,0,0,0,0,0,0,0,0,0,0,0,0,0,0,
0,0,0,0,0,0,0,0,0,0,0,0,0,0,0,0,
0,0,0,0,0,0,0,0,0,0,0,0,0,0,0,0,
0,0,0,0,0,0,0,0,0,0,0,0,0,0,0,0,
0,0,0,0,0,0,0,0,0,0,0,0,0,0,0,0,
0,0,0,0,0,0,0,0,0,0,0,0,0,0,0,0,
0,0,0,0,0,0,0,0,0,0,0,0,0,0,0,0
</Tiles>
</Chunk>
<Chunk position="-5,0">
<Tiles height="2">
0,0,0,0,0,0,0,0,0,0,0,0,0,0,0,0,
0,0,0,0,0,0,0,0,0,0,0,0,0,0,0,0,
1,1,1,1,1,0,0,0,0,0,0,0,0,0,0,0,
0,0,0,0,1,0,0,0,0,0,0,0,0,0,0,0,
0,0,0,0,1,0,0,0,0,0,0,0,0,0,0,0,
1,0,1,1,1,0,0,0,0,0,0,0,0,0,0,0,
1,0,1,1,1,0,0,0,0,0,0,0,0,0,0,0,
1,1,1,1,1,0,0,0,0,0,0,0,0,0,0,0,
0,0,0,0,1,0,0,0,0,0,0,0,0,0,0,0,
0,0,0,0,1,0,0,0,0,0,0,0,0,0,0,0,
0,0,0,0,1,0,0,0,0,0,0,0,0,0,0,0,
0,0,0,0,1,0,0,0,0,0,0,0,0,0,0,0,
0,0,0,0,1,0,0,0,0,0,0,0,0,0,0,0,
0,0,0,0,1,0,0,0,0,0,0,0,0,0,0,0,
0,0,0,0,1,0,0,0,0,0,0,0,0,0,0,0,
0,0,0,0,1,0,0,0,0,0,0,0,0,0,0,0
</Tiles>
<Tiles height="0">
0,0,0,0,0,0,0,0,0,0,0,0,0,0,0,0,
0,0,0,0,0,0,0,0,0,0,0,0,0,0,0,0,
29&3,62&3,32&3,29&3,3,0,0,0,0,0,0,0,0,0,0,0,
3,3,3,3,28&3,0,0,0,0,0,0,0,0,0,0,0,
3,3,3,3,28&3,0,0,0,0,0,0,0,0,0,0,0,
30&3,3,28&3,3,3,0,0,0,0,0,0,0,0,0,0,0,
30&3,3,28&3,3,3,0,0,0,0,0,0,0,0,0,0,0,
29&30&3,177&3,29&28&3,29&3,3,0,0,0,0,0,0,0,0,0,0,0,
3,3,3,3,28&3,0,0,0,0,0,0,0,0,0,0,0,
3,3,3,3,28&3,0,0,0,0,0,0,0,0,0,0,0,
3,3,3,3,28&3,0,0,0,0,0,0,0,0,0,0,0,
3,3,3,3,28&3,0,0,0,0,0,0,0,0,0,0,0,
3,3,3,3,28&3,0,0,0,0,0,0,0,0,0,0,0,
3,3,3,3,28&3,0,0,0,0,0,0,0,0,0,0,0,
3,10,10,10,28&3,0,0,0,0,0,0,0,0,0,0,0,
3,10,10,10,28&3,0,0,0,0,0,0,0,0,0,0,0
</Tiles>
<Tiles height="1">
0,0,0,0,0,0,0,0,0,0,0,0,0,0,0,0,
0,0,0,0,0,0,0,0,0,0,0,0,0,0,0,0,
29,63,29,29,0,0,0,0,0,0,0,0,0,0,0,0,
0,0,0,0,28,0,0,0,0,0,0,0,0,0,0,0,
0,0,0,0,28,0,0,0,0,0,0,0,0,0,0,0,
30,0,28,0,0,0,0,0,0,0,0,0,0,0,0,0,
30,0,28,0,0,0,0,0,0,0,0,0,0,0,0,0,
29&30,294,29&28,29,0,0,0,0,0,0,0,0,0,0,0,0,
0,0,0,0,28,0,0,0,0,0,0,0,0,0,0,0,
0,0,0,0,28,0,0,0,0,0,0,0,0,0,0,0,
0,0,0,0,28,0,0,0,0,0,0,0,0,0,0,0,
0,0,0,0,28,0,0,0,0,0,0,0,0,0,0,0,
0,0,0,0,28,0,0,0,0,0,0,0,0,0,0,0,
0,0,0,0,28,0,0,0,0,0,0,0,0,0,0,0,
0,0,0,0,28,0,0,0,0,0,0,0,0,0,0,0,
0,0,0,0,28,0,0,0,0,0,0,0,0,0,0,0
</Tiles>
</Chunk>
<Chunk position="-7,1">
<Tiles height="1">
0,0,0,0,30,0,0,0,28&30,0,0,0,28&30,0,0,0,
0,0,0,0,30,0,0,0,29&28,29&30,296,29&28,29&30,0,0,0,
0,0,0,0,30,0,0,0,0,0,0,0,0,0,0,0,
0,0,0,0,30&29,0,0,0,0,0,0,0,0,0,0,0,
0,0,0,0,0,0,0,0,30,0,0,0,28,29,29,29,
0,0,0,0,0,0,0,0,30,0,0,0,30&28,0,0,0,
0,0,0,0,0,0,0,0,30,0,0,0,30&28,0,0,0,
0,0,0,0,0,0,0,0,30,0,0,0,30&28,0,0,0,
0,0,0,0,0,0,0,0,30,0,0,0,30&28,0,0,0,
0,0,0,0,0,0,0,0,0,29&30,295,29&28,29,29&30,294,29&28,
0,0,0,0,0,0,0,0,30,0,0,0,0,0,0,0,
0,0,0,0,0,0,0,0,30&29,0,0,0,0,0,0,0,
0,0,0,0,0,0,0,0,0,0,0,0,0,0,0,0,
0,0,0,0,0,0,0,0,0,0,0,0,0,0,0,0,
0,0,0,0,0,0,0,0,0,0,0,0,0,28&29&30,0,28&29&30,
0,29&28,29,29&30,0,29&28,29,29&30,0,29&28,29,29&30,0,0,0,0
</Tiles>
<Tiles height="0">
0,0,0,0,3&30,3,3,3,3&28&30,3,3,3,3&28&30,3,3,3,
0,0,0,0,3&30,3,3,3,29&28&3,29&30&3,3&185,29&28&3,29&30&3,3,3,3,
0,0,0,0,3&30,3,3,3,3,3,3,3,3,3,3,3,
0,0,0,0,3&30&29,3,3,3,3,3,3,3,3,3,3,3,
0,0,0,0,2,2,2,2,30&3,3,3,3,28&3,29&3,3&241,29&3,
0,0,0,0,2,2,2,2,30&3,3,3,3,30&28&3,3,3,3,
0,0,0,0,2,2,2,2,30&3,3,3,3,30&28&3,3,3,11,
0,0,0,0,0,0,0,0,30&3,3,3,3,30&28&3,3,3,3,
0,0,0,0,0,0,0,0,30&3,3,3,3,30&28&3,3,3,3,
0,0,0,0,0,0,0,0,3,29&30&3,3&181,29&28&3,29&3,29&30,3&177,29&28,
0,0,0,0,0,0,0,0,3&30,3,3,3,3,3,3,3,
0,0,0,0,0,0,0,0,3&30&29,3,3,3,3,3,3,3,
0,0,0,0,0,0,0,0,2,2,2,2,2,3,3,3,
0,0,0,0,0,0,0,0,2,2,2,2,2,3,3,3,
0,0,0,0,0,0,0,0,0,0,0,0,0,163&3&28&30,3,161&28&30&3,
0,221&28&299,29&299,209&30&299,0,29&28&299,199&299,29&30&299,0,29&28&299,201&299,29&30&299,0,3,3,3
</Tiles>
<Tiles height="2">
0,0,0,0,0,0,0,0,1,0,0,0,1,0,0,0,
0,0,0,0,0,0,0,0,1,1,1,1,1,0,0,0,
0,0,0,0,0,0,0,0,0,0,0,0,0,0,0,0,
0,0,0,0,0,0,0,0,0,0,0,0,0,0,0,0,
0,0,0,0,0,0,0,0,2,0,0,0,1,1,1,1,
0,0,0,0,0,0,0,0,2,0,0,0,1,0,0,0,
0,0,0,0,0,0,0,0,2,0,0,0,1,0,0,0,
0,0,0,0,0,0,0,0,2,0,0,0,1,0,0,0,
0,0,0,0,0,0,0,0,2,0,0,0,1,0,0,0,
0,0,0,0,0,0,0,0,2,1,1,1,1,1,1,1,
0,0,0,0,0,0,0,0,2,0,0,0,0,0,0,0,
0,0,0,0,0,0,0,0,2,0,0,0,0,0,0,0,
0,0,0,0,0,0,0,0,0,0,0,0,0,0,0,0,
0,0,0,0,0,0,0,0,0,0,0,0,0,0,0,0,
0,0,0,0,0,0,0,0,0,0,0,0,0,2,0,2,
0,1,1,1,0,1,1,1,0,1,1,1,0,0,0,0
</Tiles>
<Tiles height="-1">
0,0,0,0,0,0,0,0,0,0,0,0,0,0,0,0,
0,0,0,0,0,0,0,0,0,0,0,0,0,0,0,0,
0,0,0,0,0,0,0,0,0,0,0,0,0,0,0,0,
0,0,0,0,0,0,0,0,0,0,0,0,0,0,0,0,
0,0,0,0,0,0,0,0,0,0,0,0,0,0,0,0,
0,0,0,0,0,0,0,0,0,0,0,0,0,0,0,0,
0,0,0,0,0,0,0,0,0,0,0,0,0,0,0,0,
0,0,0,0,0,0,0,0,0,0,0,0,0,0,0,0,
0,0,0,0,0,0,0,0,0,0,0,0,0,0,0,0,
0,0,0,0,0,0,0,0,0,0,0,0,0,0,0,0,
0,0,0,0,0,0,0,0,0,0,0,0,0,0,0,0,
0,0,0,0,0,0,0,0,0,0,0,0,0,0,0,0,
0,0,0,0,0,0,0,0,0,0,0,0,0,0,0,0,
0,0,0,0,0,0,0,0,0,0,0,0,0,0,0,0,
0,0,0,0,0,0,0,0,0,0,0,0,0,0,0,0,
0,0,0,0,0,0,0,0,0,0,0,0,0,0,0,0
</Tiles>
<Tiles height="-2">
0,0,0,0,0,0,0,0,0,0,0,0,0,0,0,0,
0,0,0,0,0,0,0,0,0,0,0,0,0,0,0,0,
0,0,0,0,0,0,0,0,0,0,0,0,0,0,0,0,
0,0,0,0,0,0,0,0,0,0,0,0,0,0,0,0,
0,0,0,0,0,0,0,0,0,0,0,0,0,0,0,0,
0,0,0,0,0,0,0,0,0,0,0,0,0,0,0,0,
0,0,0,0,0,0,0,0,0,0,0,0,0,0,0,0,
0,0,0,0,0,0,0,0,0,0,0,0,0,0,0,0,
0,0,0,0,0,0,0,0,0,0,0,0,0,0,0,0,
0,0,0,0,0,0,0,0,0,0,0,0,0,0,0,0,
0,0,0,0,0,0,0,0,0,0,0,0,0,0,0,0,
0,0,0,0,0,0,0,0,0,0,0,0,0,0,0,0,
0,0,0,0,0,0,0,0,0,0,0,0,0,0,0,0,
0,0,0,0,0,0,0,0,0,0,0,0,0,0,0,0,
0,0,0,0,0,0,0,0,0,0,0,0,0,0,0,0,
0,0,0,0,0,0,0,0,0,0,0,0,0,0,0,0
</Tiles>
</Chunk>
<Chunk position="-5,-1">
<Tiles height="2">
0,0,0,0,1,0,0,0,0,0,0,0,0,0,0,0,
0,0,0,0,0,0,0,0,0,0,0,0,0,0,0,0,
0,0,0,0,0,0,0,0,0,0,0,0,0,0,0,0,
0,0,0,0,0,0,0,0,0,0,0,0,0,0,0,0,
0,0,0,0,0,0,0,0,0,0,0,0,0,0,0,0,
0,0,0,0,0,0,0,0,0,0,0,0,0,0,0,0,
0,0,0,0,0,0,0,0,0,0,0,0,0,0,0,0,
0,0,0,0,0,0,0,0,0,0,0,0,0,0,0,0,
0,0,0,0,0,0,0,0,0,0,0,0,0,0,0,0,
0,0,0,0,0,0,0,0,0,0,0,0,0,0,0,0,
0,0,0,0,0,0,0,0,0,0,0,0,0,0,0,0,
0,0,0,0,0,0,0,0,0,0,0,0,0,0,0,0,
0,0,0,0,0,0,0,0,0,0,0,0,0,0,0,0,
0,0,0,0,0,0,0,0,0,0,0,0,0,0,0,0,
0,0,0,0,0,0,0,0,0,0,0,0,0,0,0,0,
0,0,0,0,0,0,0,0,0,0,0,0,0,0,0,0
</Tiles>
<Tiles height="0">
3,10,10,10,28&29&3,0,0,0,0,0,0,0,0,0,0,0,
2,2,2,2,2,0,0,0,0,0,0,0,0,0,0,0,
0,0,0,0,0,0,0,0,0,0,0,0,0,0,0,0,
0,0,0,0,0,0,0,0,0,0,0,0,0,0,0,0,
0,0,0,0,0,0,0,0,0,0,0,0,0,0,0,0,
0,0,0,0,0,0,0,0,0,0,0,0,0,0,0,0,
0,0,0,0,0,0,0,0,0,0,0,0,0,0,0,0,
0,0,0,0,0,0,0,0,0,0,0,0,0,0,0,0,
0,0,0,0,0,0,0,0,0,0,0,0,0,0,0,0,
0,0,0,0,0,0,0,0,0,0,0,0,0,0,0,0,
0,0,0,0,0,0,0,0,0,0,0,0,0,0,0,0,
0,0,0,0,0,0,0,0,0,0,0,0,0,0,0,0,
0,0,0,0,0,0,0,0,0,0,0,0,0,0,0,0,
0,0,0,0,0,0,0,0,0,0,0,0,0,0,0,0,
0,0,0,0,0,0,0,0,0,0,0,0,0,0,0,0,
0,0,0,0,0,0,0,0,0,0,0,0,0,0,0,0
</Tiles>
<Tiles height="1">
0,0,0,0,29&28,0,0,0,0,0,0,0,0,0,0,0,
0,0,0,0,0,0,0,0,0,0,0,0,0,0,0,0,
0,0,0,0,0,0,0,0,0,0,0,0,0,0,0,0,
0,0,0,0,0,0,0,0,0,0,0,0,0,0,0,0,
0,0,0,0,0,0,0,0,0,0,0,0,0,0,0,0,
0,0,0,0,0,0,0,0,0,0,0,0,0,0,0,0,
0,0,0,0,0,0,0,0,0,0,0,0,0,0,0,0,
0,0,0,0,0,0,0,0,0,0,0,0,0,0,0,0,
0,0,0,0,0,0,0,0,0,0,0,0,0,0,0,0,
0,0,0,0,0,0,0,0,0,0,0,0,0,0,0,0,
0,0,0,0,0,0,0,0,0,0,0,0,0,0,0,0,
0,0,0,0,0,0,0,0,0,0,0,0,0,0,0,0,
0,0,0,0,0,0,0,0,0,0,0,0,0,0,0,0,
0,0,0,0,0,0,0,0,0,0,0,0,0,0,0,0,
0,0,0,0,0,0,0,0,0,0,0,0,0,0,0,0,
0,0,0,0,0,0,0,0,0,0,0,0,0,0,0,0
</Tiles>
</Chunk>
<Chunk position="-12,1">
<Tiles height="1">
29,29,28&30,0,28,29,29,29,30,0,0,0,0,28,0,0,
0,0,28&30,0,28&30,0,0,0,28&30,0,0,0,0,28,0,0,
0,0,28&30,0,28&30,0,0,0,28&30,0,0,0,0,28,0,0,
0,0,28&30,0,28&30,0,0,0,28&30,0,0,0,0,28,0,0,
0,0,28&30,0,29&28&30,29&30,295,150,29&28&30,0,0,0,0,28,0,0,
0,0,28&30,0,0,0,0,0,0,0,0,0,0,28,0,0,
296,29&28,28&30,0,0,0,0,0,0,0,0,0,0,28,0,0,
0,0,28&30,0,0,0,0,0,0,0,0,0,0,28,0,0,
0,0,28&30,0,0,0,0,0,0,0,0,0,0,28,0,0,
29,29,29&28&30,0,0,0,0,0,0,0,0,0,0,28,0,0,
0,0,0,0,0,0,0,0,0,0,0,0,0,28,0,0,
0,0,0,0,0,0,0,0,0,0,0,0,0,28&29,0,0,
0,0,0,0,0,0,0,0,0,0,0,0,0,0,0,0,
0,0,0,0,0,0,0,0,0,0,0,0,0,0,0,0,
0,0,0,0,0,0,0,0,0,0,0,0,0,0,0,0,
0,0,0,0,0,0,0,0,0,0,0,0,0,0,0,0
</Tiles>
<Tiles height="0">
3&255,3&29,3&30,3,28&3,3&29,3&231,3&29,3&30,3,3,3,3,28,0,0,
3,3,3&28&30,3,3&28&30,3,3,3,3&28&30,3,3,3,3,28,0,0,
3,3,3&28&30,3,3&28&30,3,3,3,3&28&30,3,3,3,3,28,0,0,
3,3,3&28&30,3,3&28&30,3,3,3,3&28&30,3,3,3,3,28,0,0,
3,3,3&28&30,3,3&29&28&30,3&30&237,3&181,3&28&239,3&29&28&30,3,3,3,3,28,0,0,
3,3,3&28&30,3,3,3,3,3,3,3,3,3,3,28,0,0,
3&185,3&29&28,30&3,3,3,3,3,3,3,3,3,3,3,28,0,0,
3,108,3&28&30,3,3,3,3,3,3,3,3,3,3,28,0,0,
3,3,3&28&30,3,3,3,3,3,3,3,3,3,3,28,0,0,
3&29,3&29,3&29&28&30,3,3,3,3,3,3,3,3,3,3,28,0,0,
3,3,3,3,3,3,3,3,3,3,3,3,3,28,0,0,
3,3,3,3,3,3,3,3,3,3,3,3,3,28&29,0,0,
2,2,2,2,2,2,2,2,2,2,2,2,2,0,0,0,
0,0,0,0,0,0,0,0,0,0,0,0,0,0,0,0,
0,0,0,0,0,0,0,0,0,0,0,0,0,0,0,0,
0,0,0,0,0,0,0,0,0,0,0,0,0,0,0,0
</Tiles>
<Tiles height="2">
2,2,2,0,2,2,2,2,2,0,0,0,0,2,0,0,
0,0,2,0,2,0,0,0,2,0,0,0,0,2,0,0,
0,0,2,0,2,0,0,0,2,0,0,0,0,2,0,0,
0,0,2,0,2,0,0,0,2,0,0,0,0,2,0,0,
0,0,2,0,2,2,2,2,2,0,0,0,0,2,0,0,
0,0,2,0,0,0,0,0,0,0,0,0,0,2,0,0,
2,2,2,0,0,0,0,0,0,0,0,0,0,2,0,0,
0,0,2,0,0,0,0,0,0,0,0,0,0,2,0,0,
0,0,2,0,0,0,0,0,0,0,0,0,0,2,0,0,
2,2,2,0,0,0,0,0,0,0,0,0,0,2,0,0,
0,0,0,0,0,0,0,0,0,0,0,0,0,2,0,0,
0,0,0,0,0,0,0,0,0,0,0,0,0,2,0,0,
0,0,0,0,0,0,0,0,0,0,0,0,0,0,0,0,
0,0,0,0,0,0,0,0,0,0,0,0,0,0,0,0,
0,0,0,0,0,0,0,0,0,0,0,0,0,0,0,0,
0,0,0,0,0,0,0,0,0,0,0,0,0,0,0,0
</Tiles>
</Chunk>
<Chunk position="-8,1">
<Tiles height="1">
0,0,0,0,0,0,0,0,0,28,0,0,0,0,0,0,
0,0,0,0,0,0,0,0,0,28,0,0,0,0,0,0,
0,0,0,0,0,0,0,0,0,28,0,0,0,0,0,0,
0,0,0,0,0,0,0,0,0,28,0,0,0,0,0,0,
30,0,0,0,0,0,0,0,0,28&29,0,0,0,0,0,0,
28&30,0,0,0,0,0,0,0,0,0,0,0,0,0,0,0,
28&30,0,0,0,0,0,0,0,0,0,0,0,0,0,0,0,
28&30,0,0,0,0,0,0,0,0,0,0,0,0,0,0,0,
28&30,0,0,0,0,0,0,0,0,0,0,0,0,0,0,0,
29&30,0,0,0,0,0,0,0,0,0,0,0,0,0,0,0,
0,0,0,0,0,0,0,0,0,0,0,0,0,0,0,0,
0,0,0,0,0,0,0,0,0,0,0,0,0,0,0,0,
0,0,0,0,0,0,0,0,0,0,0,0,0,0,0,0,
0,0,0,0,0,0,0,0,0,0,0,0,0,0,0,0,
0,0,0,0,0,0,0,0,0,0,0,0,0,0,0,0,
0,0,0,0,0,0,0,0,0,0,0,0,0,0,0,0
</Tiles>
<Tiles height="0">
3,3,3,3,3,11,11,11,11,3&28,0,0,0,0,0,0,
3,3,3,3,3,3,3,3,3,3&28,0,0,0,0,0,0,
3,3,3,3,3,3,3,3,3,3&28,0,0,0,0,0,0,
3,3,3,3,3,3,3,3,3,3&28,0,0,0,0,0,0,
3&30,3,3,3,3,3,3,3,3,3&28&29,0,0,0,0,0,0,
28&30,2,2,2,2,2,2,2,2,2,0,0,0,0,0,0,
28&30,0,0,0,0,0,0,0,0,0,0,0,0,0,0,0,
28&30,0,0,0,0,0,0,0,0,0,0,0,0,0,0,0,
28&30,0,0,0,0,0,0,0,0,0,0,0,0,0,0,0,
29&30,0,0,0,0,0,0,0,0,0,0,0,0,0,0,0,
3,0,0,0,0,0,0,0,0,0,0,0,0,0,0,0,
0,0,0,0,0,0,0,0,0,0,0,0,0,0,0,0,
0,0,0,0,0,0,0,0,0,0,0,0,0,0,0,0,
0,0,0,0,0,0,0,0,0,0,0,0,0,0,0,0,
0,0,0,0,0,0,0,0,0,0,0,0,0,0,0,0,
0,0,0,0,0,0,0,0,0,0,0,0,0,0,0,0
</Tiles>
<Tiles height="2">
0,0,0,0,0,0,0,0,0,1,0,0,0,0,0,0,
0,0,0,0,0,0,0,0,0,1,0,0,0,0,0,0,
0,0,0,0,0,0,0,0,0,1,0,0,0,0,0,0,
0,0,0,0,0,0,0,0,0,1,0,0,0,0,0,0,
1,0,0,0,0,0,0,0,0,1,0,0,0,0,0,0,
1,0,0,0,0,0,0,0,0,0,0,0,0,0,0,0,
1,0,0,0,0,0,0,0,0,0,0,0,0,0,0,0,
1,0,0,0,0,0,0,0,0,0,0,0,0,0,0,0,
1,0,0,0,0,0,0,0,0,0,0,0,0,0,0,0,
1,0,0,0,0,0,0,0,0,0,0,0,0,0,0,0,
0,0,0,0,0,0,0,0,0,0,0,0,0,0,0,0,
0,0,0,0,0,0,0,0,0,0,0,0,0,0,0,0,
0,0,0,0,0,0,0,0,0,0,0,0,0,0,0,0,
0,0,0,0,0,0,0,0,0,0,0,0,0,0,0,0,
0,0,0,0,0,0,0,0,0,0,0,0,0,0,0,0,
0,0,0,0,0,0,0,0,0,0,0,0,0,0,0,0
</Tiles>
</Chunk>
<Chunk position="-10,5">
<Tiles height="-2">
0,0,0,0,0,0,0,0,0,0,0,0,0,0,0,0,
0,0,0,0,0,0,0,0,0,0,0,0,0,0,0,0,
0,0,0,0,0,0,0,0,0,0,0,0,0,0,0,0,
0,0,0,0,0,0,0,0,0,0,0,0,0,0,0,0,
0,0,0,0,0,0,0,0,0,0,0,0,0,0,0,0,
0,0,0,0,0,0,0,0,0,0,0,0,0,0,0,0,
0,0,0,0,0,0,0,0,0,0,0,0,0,0,0,0,
0,0,0,0,0,0,0,0,0,0,0,0,0,0,0,0,
0,0,0,0,0,0,0,0,0,0,0,0,0,0,0,0,
0,0,0,0,0,0,0,0,0,0,0,0,0,0,0,0,
0,0,0,0,0,0,0,0,0,0,0,0,0,0,0,0,
0,0,0,0,0,0,0,0,0,0,0,0,0,0,0,0,
0,0,0,0,0,0,0,0,0,0,0,0,0,0,0,0,
0,0,0,0,0,0,0,0,0,0,0,0,0,0,0,0,
0,0,0,0,0,0,0,0,0,0,0,0,0,0,0,0,
0,0,0,0,0,0,0,0,30,9,9,9,9,9,9,9
</Tiles>
<Tiles height="-1">
0,0,0,0,0,0,0,0,0,0,0,0,0,0,0,0,
0,0,0,0,0,0,0,0,0,0,0,0,0,0,0,0,
0,0,0,0,0,0,0,0,0,0,0,0,0,0,0,0,
0,0,0,0,0,0,0,0,0,0,0,0,0,0,0,0,
0,0,0,0,0,0,0,0,0,0,0,0,0,0,0,0,
0,0,0,0,0,0,0,0,0,0,0,0,0,0,0,0,
0,0,0,0,0,0,0,0,0,0,0,0,0,0,0,0,
0,0,0,0,0,0,0,0,0,0,0,0,0,0,0,0,
0,0,0,0,0,0,0,0,0,0,0,0,0,0,0,0,
0,0,0,0,0,0,0,0,0,0,0,0,0,0,0,0,
0,0,0,0,0,0,0,0,0,0,0,0,0,0,0,0,
0,0,0,0,0,0,0,0,0,0,0,0,0,0,0,0,
0,0,0,0,0,0,0,0,0,0,0,0,0,0,0,0,
0,0,0,0,0,0,0,0,0,0,0,0,0,0,0,0,
0,0,0,0,0,0,0,0,0,0,0,0,0,0,0,0,
0,0,0,0,0,0,0,0,30,0,0,0,0,0,0,0
</Tiles>
<Tiles height="-3">
0,0,0,0,0,0,0,0,0,0,0,0,0,0,0,0,
0,0,0,0,0,0,0,0,0,0,0,0,0,0,0,0,
0,0,0,0,0,0,0,0,0,0,0,0,0,0,0,0,
0,0,0,0,0,0,0,0,0,0,0,0,0,0,0,0,
0,0,0,0,0,0,0,0,0,0,0,0,0,0,0,0,
0,0,0,0,0,0,0,0,0,0,0,0,0,0,0,0,
0,0,0,0,0,0,0,0,0,0,0,0,0,0,0,0,
0,0,0,0,0,0,0,0,0,0,0,0,0,0,0,0,
0,0,0,0,0,0,0,0,0,0,0,0,0,0,0,0,
0,0,0,0,0,0,0,0,0,0,0,0,0,0,0,0,
0,0,0,0,0,0,0,0,0,0,0,0,0,0,0,0,
0,0,0,0,0,0,0,0,0,0,0,0,0,0,0,0,
0,0,0,0,0,0,0,0,0,0,0,0,0,0,0,0,
0,0,0,0,0,0,0,0,0,0,0,0,0,0,0,0,
0,0,0,0,0,0,0,0,0,0,0,0,0,0,0,0,
0,0,0,0,0,0,0,0,30,0,0,0,0,0,0,0
</Tiles>
</Chunk>
<Chunk position="-12,2">
<Tiles height="1">
0,28&30,0,0,0,28,0,0,0,30,0,0,0,28,0,0,
0,28&30,0,0,0,28,0,0,0,30,0,0,0,28,0,0,
0,28&30,0,0,0,28,0,0,0,30,0,0,0,28,0,0,
0,28&30,0,0,0,28,0,0,0,30,0,0,0,28,0,0,
292,28&29,29&30,292,29&28,29,29,29,29,30,0,0,0,28,0,0,
0,0,0,0,0,0,0,0,0,30&29&28,0,0,0,28,0,0,
0,0,0,0,0,0,0,0,0,0,0,0,0,28,0,0,
0,0,0,0,0,0,0,0,0,0,0,0,0,28,0,0,
29,29,29,0,29,224,29,30,0,0,0,0,0,28,0,0,
0,0,0,28&30,0,0,0,28&30,0,0,0,0,0,28,0,0,
0,0,0,28&30,0,0,0,28&30,0,0,0,0,0,28,0,0,
0,0,0,28&30,0,0,0,28&30,0,0,0,0,0,28,0,0,
291,29&28,29,29&28&30,29&30,293,29&28,29&28&30,0,0,0,0,0,28,0,0,
0,0,0,0,0,0,0,0,0,0,0,0,0,28,0,0,
0,0,0,0,0,0,0,0,0,0,0,0,0,28,0,0,
0,0,0,0,0,0,0,0,0,0,0,0,0,28,0,0
</Tiles>
<Tiles height="0">
3,3&28&30,3,3,3,28&3,0,0,0,3&30,3,3,3,3&28,0,0,
3,3&28&30,3,3,3,28&3,0,0,0,3&30,3,3,3,3&28,0,0,
3,3&28&30,3,3,3,28&3,0,0,0,3&30,3,3,3,3&28,0,0,
3,3&28&30,3,3,3,28&3,0,0,0,3&30,3,3,9,3&28,0,0,
3&169,3&28&161,3&29&30,3,3&29&28,29&3,29&3,29&3,29&3,3&30,3,3,11,3&28,0,0,
3,3,3,3,3,3,3,3,3,3&30&29&28,3,3,10,3&28,0,0,
3,3,3,3,3,3,3,3,3,3,3,3,3,28,0,0,
3,3,3,3,3,3,3,3,3,3,3,3,3,28,0,0,
3&29,3&29,3&29,3,3&29,3&222,3&29,3&30,3,3,3,3,3,28,0,0,
107,3,3,28&30&3,3,12,109,3&28&30,3,3,3,3,3,28,0,0,
3,3,3,28&30&3,3,3,3,3&28&30,3,3,3,3,3,28,0,0,
3,3,3,28&30&3,3,3,3,3&28&30,3,3,3,3,3,28,0,0,
3&165,3&203&28,3&29,29&28&30&3,3&29&30,3&173,3&29&28,3&29&28&30,3,3,3,3,3,28,0,0,
3,3,3,3,3,3,3,3,3,3,3,3,3,28,0,0,
3,3,3,3,3,3,3,3,3,3,3,3,3,28,0,0,
3,3,3,3,3,3,3,3,3,3,3,3,3,28,0,0
</Tiles>
<Tiles height="2">
0,2,0,0,0,2,2,2,2,2,0,0,0,2,0,0,
0,2,0,0,0,2,2,2,2,2,0,0,0,2,0,0,
0,2,0,0,0,2,2,2,2,2,0,0,0,2,0,0,
0,2,0,0,0,2,2,2,2,2,0,0,0,2,0,0,
2,2,2,2,2,2,2,2,2,2,0,0,0,2,0,0,
0,0,0,0,0,0,0,0,0,2,0,0,0,2,0,0,
0,0,0,0,0,0,0,0,0,0,0,0,0,2,0,0,
0,0,0,0,0,0,0,0,0,0,0,0,0,2,0,0,
2,2,2,2,2,2,2,2,0,0,0,0,0,2,0,0,
0,0,0,2,0,0,0,2,0,0,0,0,0,2,0,0,
0,0,0,2,0,0,0,2,0,0,0,0,0,2,0,0,
0,0,0,2,0,0,0,2,0,0,0,0,0,2,0,0,
2,2,2,2,2,2,2,2,0,0,0,0,0,2,0,0,
0,0,0,0,0,0,0,0,0,0,0,0,0,2,0,0,
0,0,0,0,0,0,0,0,0,0,0,0,0,2,0,0,
0,0,0,0,0,0,0,0,0,0,0,0,0,2,0,0
</Tiles>
</Chunk>
<Chunk position="-12,4">
<Tiles height="0">
0,0,0,0,0,0,0,0,0,0,0,0,0,0,0,0,
0,0,0,0,0,0,0,0,0,0,0,0,0,0,0,0,
0,0,0,0,0,0,0,0,0,0,0,0,0,0,0,0,
0,0,0,0,0,0,0,0,0,0,0,0,0,0,0,0,
0,0,0,0,0,0,0,0,0,0,0,0,0,0,0,0,
0,0,0,0,0,0,0,0,0,0,0,0,0,0,0,0,
0,0,0,0,0,0,0,0,0,0,0,0,0,0,0,0,
0,0,0,0,0,0,0,0,0,0,0,0,0,0,0,0,
0,0,0,0,0,0,0,0,0,0,0,0,0,0,0,0,
0,0,0,0,0,0,0,0,0,0,0,0,0,0,0,0,
0,0,0,0,0,0,29,0,0,0,0,0,0,0,0,0,
0,0,0,0,0,30,0,28,0,0,0,0,0,0,0,0,
0,0,0,0,0,30,0,28,0,0,0,0,0,0,0,0,
3,3&29,3&29,3&29,29,29&30,0,29&28,154,29,29,29,29,0,0,0,
28&30&3,3,3,3,111,3,0,3,3,3,3,3,3,3&28,0,0,
28&30&3,3,3,3,3,3,0,3,3,3,3,3,3,3&28,0,0
</Tiles>
<Tiles height="1">
0,0,0,0,0,0,0,0,0,0,0,0,0,0,0,0,
0,0,0,0,0,0,0,0,0,0,0,0,0,0,0,0,
0,0,0,0,0,0,0,0,0,0,0,0,0,0,0,0,
0,0,0,0,0,0,0,0,0,0,0,0,0,0,0,0,
0,0,0,0,0,0,0,0,0,0,0,0,0,0,0,0,
0,0,0,0,0,0,0,0,0,0,0,0,0,0,0,0,
0,0,0,0,0,0,0,0,0,0,0,0,0,0,0,0,
0,0,0,0,0,0,0,0,0,0,0,0,0,0,0,0,
0,0,0,0,0,0,0,0,0,0,0,0,0,0,0,0,
0,0,0,0,0,0,0,0,0,0,0,0,0,0,0,0,
0,0,0,0,0,0,29,0,0,0,0,0,0,0,0,0,
0,0,0,0,0,30,0,28,0,0,0,0,0,0,0,0,
0,0,0,0,0,30,0,28,0,0,0,0,0,0,0,0,
0,29,29,29,29,29&30,0,29&28,29,29,29,29,29,0,0,0,
28&30,0,0,0,0,0,0,0,0,0,0,0,0,28,0,0,
28&30,0,0,0,0,0,0,0,0,0,0,0,0,28,0,0
</Tiles>
<Tiles height="2">
0,0,0,0,0,0,0,0,0,0,0,0,0,0,0,0,
0,0,0,0,0,0,0,0,0,0,0,0,0,0,0,0,
0,0,0,0,0,0,0,0,0,0,0,0,0,0,0,0,
0,0,0,0,0,0,0,0,0,0,0,0,0,0,0,0,
0,0,0,0,0,0,0,0,0,0,0,0,0,0,0,0,
0,0,0,0,0,0,0,0,0,0,0,0,0,0,0,0,
0,0,0,0,0,0,0,0,0,0,0,0,0,0,0,0,
0,0,0,0,0,0,0,0,0,0,0,0,0,0,0,0,
0,0,0,0,0,0,0,0,0,0,0,0,0,0,0,0,
0,0,0,0,0,0,0,0,0,0,0,0,0,0,0,0,
0,0,0,0,0,2,2,2,0,0,0,0,0,0,0,0,
0,0,0,0,0,2,0,2,2,2,2,2,2,0,0,0,
0,0,0,0,0,2,0,2,2,2,2,2,2,0,0,0,
2,2,2,2,2,2,0,2,2,2,2,2,2,2,0,0,
2,0,0,0,0,0,0,0,0,0,0,0,0,2,0,0,
2,0,0,0,0,0,0,0,0,0,0,0,0,2,0,0
</Tiles>
<Tiles height="-1">
0,0,0,0,0,0,0,0,0,0,0,0,0,0,0,0,
0,0,0,0,0,0,0,0,0,0,0,0,0,0,0,0,
0,0,0,0,0,0,0,0,0,0,0,0,0,0,0,0,
0,0,0,0,0,0,0,0,0,0,0,0,0,0,0,0,
0,0,0,0,0,0,0,0,0,0,0,0,0,0,0,0,
0,0,0,0,0,0,0,0,0,0,0,0,0,0,0,0,
0,0,0,0,0,0,0,0,0,0,0,0,0,0,0,0,
0,0,0,0,0,0,0,0,0,0,0,0,0,0,0,0,
0,0,0,0,0,0,0,0,0,0,0,0,0,0,0,0,
0,0,0,0,0,0,0,0,0,0,0,0,0,0,0,0,
0,0,0,0,0,0,29,0,0,0,0,0,0,0,0,0,
0,0,0,0,0,30,0,28,0,0,0,0,0,0,0,0,
0,0,0,0,0,30,0,28,0,0,0,0,0,0,0,0,
0,0,0,0,0,30,0,28,0,0,0,0,0,0,0,0,
0,0,0,0,0,3,0,3,0,0,0,0,0,0,0,0,
0,0,0,0,0,3,0,3,0,0,0,0,0,0,0,0
</Tiles>
<Tiles height="-2">
0,0,0,0,0,0,0,0,0,0,0,0,0,0,0,0,
0,0,0,0,0,0,0,0,0,0,0,0,0,0,0,0,
0,0,0,0,0,0,0,0,0,0,0,0,0,0,0,0,
0,0,0,0,0,0,0,0,0,0,0,0,0,0,0,0,
0,0,0,0,0,0,0,0,0,0,0,0,0,0,0,0,
0,0,0,0,0,0,0,0,0,0,0,0,0,0,0,0,
0,0,0,0,0,0,0,0,0,0,0,0,0,0,0,0,
0,0,0,0,0,0,0,0,0,0,0,0,0,0,0,0,
0,0,0,0,0,0,0,0,0,0,0,0,0,0,0,0,
0,0,0,0,0,0,0,0,0,0,0,0,0,0,0,0,
0,0,0,0,0,0,29,0,0,0,0,0,0,0,0,0,
0,0,0,0,0,30,10,28,0,0,0,0,0,0,0,0,
0,0,0,0,0,30,10,28,0,0,0,0,0,0,0,0,
0,0,0,0,0,30,10,28,0,0,0,0,0,0,0,0,
0,0,0,0,0,3,10,3,0,0,0,0,0,0,0,0,
0,0,0,0,0,3,10,3,0,0,0,0,0,0,0,0
</Tiles>
<Tiles height="-3">
0,0,0,0,0,0,0,0,0,0,0,0,0,0,0,0,
0,0,0,0,0,0,0,0,0,0,0,0,0,0,0,0,
0,0,0,0,0,0,0,0,0,0,0,0,0,0,0,0,
0,0,0,0,0,0,0,0,0,0,0,0,0,0,0,0,
0,0,0,0,0,0,0,0,0,0,0,0,0,0,0,0,
0,0,0,0,0,0,0,0,0,0,0,0,0,0,0,0,
0,0,0,0,0,0,0,0,0,0,0,0,0,0,0,0,
0,0,0,0,0,0,0,0,0,0,0,0,0,0,0,0,
0,0,0,0,0,0,0,0,0,0,0,0,0,0,0,0,
0,0,0,0,0,0,0,0,0,0,0,0,0,0,0,0,
0,0,0,0,0,0,35,0,0,0,0,0,0,0,0,0,
0,0,0,0,0,30,0,28,0,0,0,0,0,0,0,0,
0,0,0,0,0,30,0,28,0,0,0,0,0,0,0,0,
0,0,0,0,0,30,0,28,0,0,0,0,0,0,0,0,
0,0,0,0,0,3,0,3,0,0,0,0,0,0,0,0,
0,0,0,0,0,3,0,3,0,0,0,0,0,0,0,0
</Tiles>
</Chunk>
<Chunk position="-12,3">
<Tiles height="2">
2,0,0,0,2,2,0,2,2,2,0,0,0,2,0,0,
2,2,2,2,2,2,0,2,2,2,0,0,0,2,0,0,
0,0,0,0,2,2,2,2,2,2,0,0,0,2,0,0,
0,0,0,0,2,2,2,2,2,2,0,0,0,2,0,0,
0,0,0,0,0,0,2,2,0,2,0,0,0,2,0,0,
0,0,0,0,0,0,2,2,0,2,0,0,0,2,0,0,
0,0,0,0,0,0,2,2,0,2,0,0,0,2,0,0,
0,0,0,0,0,0,2,2,0,2,0,0,0,2,0,0,
0,0,0,0,0,0,2,2,0,2,0,0,0,2,0,0,
0,0,0,0,0,0,2,2,0,2,0,0,0,2,0,0,
0,0,0,0,0,0,2,2,0,2,0,0,0,2,0,0,
0,0,0,0,0,2,2,2,0,2,0,0,0,2,0,0,
0,0,0,0,0,0,2,2,0,2,0,0,0,2,0,0,
0,0,0,0,0,0,2,2,0,2,0,0,0,2,0,0,
0,0,0,0,0,0,2,2,0,2,0,0,0,2,0,0,
0,2,2,2,2,2,2,2,2,2,2,2,2,2,0,0
</Tiles>
<Tiles height="0">
28&30&3,3,3,3,28,30,0,28,0,3&30,3,3,3,3&28,0,0,
29&3,3&29,3&177,28&231&3,28,30,0,28,0,3&30,3,3,3,3&28,0,0,
3,3,3,3,28,0,2,0,0,3&30,3,3,3,3&28,0,0,
3,3,3,3,28&29,2&300,2&300,300,300,3&30,3,3,3,3&28,0,0,
2,2,2,2,2,0,0,0,0,3&30,3,3,3,3&28,0,0,
2,2,2,2,2,0,0,0,0,3&30,3,3,3,3&28,0,0,
2,2,2,2,2,0,0,0,0,3&30,3,3,3,3&28,0,0,
2,2,0,0,0,0,0,0,0,3&30,3,3,3,3&28,0,0,
0,0,0,0,0,0,0,0,0,3&30,3,3,3,3&28,0,0,
0,0,0,0,0,0,0,0,0,3&30,3,3,3,3&28,0,0,
0,0,0,0,0,0,0,0,0,3&30,3,3,3,3&28,0,0,
0,0,0,0,0,0,0,0,0,3&30,3,3,3,3&28,0,0,
29,0,0,0,0,0,0,0,0,3&30,3,3,3,3&28,0,0,
3,3&28,0,0,0,0,0,0,0,3&30,3,3,3,3&28,0,0,
3,3&28,0,0,0,0,0,0,0,3&30,3,3,3,3&28,0,0,
3,3&28,29&3,209&3,3&149,3,0,0,0,0,163&3&30,3,3&28&161,0,0,0
</Tiles>
<Tiles height="1">
28&30,0,0,0,28,30,0,28,0,30,0,0,0,28,0,0,
29,29&30,294,29&28,28,30,0,28,0,30,0,0,0,28,0,0,
0,0,0,0,28,0,0,0,0,30,0,0,0,28,0,0,
0,0,0,0,28&29,2&300,2&300,300,300,30,0,0,0,28,0,0,
0,0,0,0,0,0,0,0,0,30,0,0,0,28,0,0,
0,0,0,0,0,0,0,0,0,30,0,0,0,28,0,0,
0,0,0,0,0,0,0,0,0,30,0,0,0,28,0,0,
0,0,0,0,0,0,0,0,0,30,0,0,0,28,0,0,
0,0,0,0,0,0,0,0,0,30,0,0,0,28,0,0,
0,0,0,0,0,0,0,0,0,30,0,0,0,28,0,0,
0,0,0,0,0,0,0,0,0,30,0,0,0,28,0,0,
0,0,0,0,0,0,0,0,0,30,0,0,0,28,0,0,
29,0,0,0,0,0,0,0,0,30,0,0,0,28,0,0,
0,28,0,0,0,0,0,0,0,30,0,0,0,28,0,0,
0,28,0,0,0,0,0,0,0,30,0,0,0,28,0,0,
0,28,29,29,29,0,0,0,0,0,29&30,29,29&28,0,0,0
</Tiles>
<Tiles height="-1">
0,0,0,0,0,30,0,28,0,0,0,0,0,0,0,0,
0,0,0,0,0,30,0,28,0,0,0,0,0,0,0,0,
0,0,0,0,0,2,2,0,0,0,0,0,0,0,0,0,
0,0,0,0,0,300,300,300,300,0,0,0,0,0,0,0,
0,0,0,0,0,0,0,0,0,0,0,0,0,0,0,0,
0,0,0,0,0,0,0,0,0,0,0,0,0,0,0,0,
0,0,0,0,0,0,0,0,0,0,0,0,0,0,0,0,
0,0,0,0,0,0,0,0,0,0,0,0,0,0,0,0,
0,0,0,0,0,0,0,0,0,0,0,0,0,0,0,0,
0,0,0,0,0,0,0,0,0,0,0,0,0,0,0,0,
0,0,0,0,0,0,0,0,0,0,0,0,0,0,0,0,
0,0,0,0,0,0,0,0,0,0,0,0,0,0,0,0,
0,0,0,0,0,0,0,0,0,0,0,0,0,0,0,0,
0,0,0,0,0,0,0,0,0,0,0,0,0,0,0,0,
0,0,0,0,0,0,0,0,0,0,0,0,0,0,0,0,
0,0,0,0,0,0,0,0,0,0,0,0,0,0,0,0
</Tiles>
<Tiles height="-2">
0,0,0,0,0,30,10,28,0,0,0,0,0,0,0,0,
0,0,0,0,0,30,10,28,0,0,0,0,0,0,0,0,
0,0,0,0,0,0,0,0,0,0,0,0,0,0,0,0,
0,0,0,0,0,300,300,300,300,0,0,0,0,0,0,0,
0,0,0,0,0,0,0,0,0,0,0,0,0,0,0,0,
0,0,0,0,0,0,0,0,0,0,0,0,0,0,0,0,
0,0,0,0,0,0,0,0,0,0,0,0,0,0,0,0,
0,0,0,0,0,0,0,0,0,0,0,0,0,0,0,0,
0,0,0,0,0,0,0,0,0,0,0,0,0,0,0,0,
0,0,0,0,0,0,0,0,0,0,0,0,0,0,0,0,
0,0,0,0,0,0,0,0,0,0,0,0,0,0,0,0,
0,0,0,0,0,0,0,0,0,0,0,0,0,0,0,0,
0,0,0,0,0,0,0,0,0,0,0,0,0,0,0,0,
0,0,0,0,0,0,0,0,0,0,0,0,0,0,0,0,
0,0,0,0,0,0,0,0,0,0,0,0,0,0,0,0,
0,0,0,0,0,0,0,0,0,0,0,0,0,0,0,0
</Tiles>
<Tiles height="-3">
0,0,0,0,0,30,0,34,0,0,0,0,0,0,0,0,
0,0,0,0,0,30,0,34,0,0,0,0,0,0,0,0,
0,0,0,0,0,0,0,0,0,0,0,0,0,0,0,0,
0,0,0,0,0,300,300,300,300,0,0,0,0,0,0,0,
0,0,0,0,0,0,0,0,0,0,0,0,0,0,0,0,
0,0,0,0,0,0,0,0,0,0,0,0,0,0,0,0,
0,0,0,0,0,0,0,0,0,0,0,0,0,0,0,0,
0,0,0,0,0,0,0,0,0,0,0,0,0,0,0,0,
0,0,0,0,0,0,0,0,0,0,0,0,0,0,0,0,
0,0,0,0,0,0,0,0,0,0,0,0,0,0,0,0,
0,0,0,0,0,0,0,0,0,0,0,0,0,0,0,0,
0,0,0,0,0,0,0,0,0,0,0,0,0,0,0,0,
0,0,0,0,0,0,0,0,0,0,0,0,0,0,0,0,
0,0,0,0,0,0,0,0,0,0,0,0,0,0,0,0,
0,0,0,0,0,0,0,0,0,0,0,0,0,0,0,0,
0,0,0,0,0,0,0,0,0,0,0,0,0,0,0,0
</Tiles>
<Tiles height="-4">
0,0,0,0,0,0,0,0,0,0,0,0,0,0,0,0,
0,0,0,0,0,0,0,0,0,0,0,0,0,0,0,0,
0,0,0,0,0,0,0,0,0,0,0,0,0,0,0,0,
0,0,0,0,0,300,300,300,300,0,0,0,0,0,0,0,
0,0,0,0,0,0,0,0,0,0,0,0,0,0,0,0,
0,0,0,0,0,0,0,0,0,0,0,0,0,0,0,0,
0,0,0,0,0,0,0,0,0,0,0,0,0,0,0,0,
0,0,0,0,0,0,0,0,0,0,0,0,0,0,0,0,
0,0,0,0,0,0,0,0,0,0,0,0,0,0,0,0,
0,0,0,0,0,0,0,0,0,0,0,0,0,0,0,0,
0,0,0,0,0,0,0,0,0,0,0,0,0,0,0,0,
0,0,0,0,0,0,0,0,0,0,0,0,0,0,0,0,
0,0,0,0,0,0,0,0,0,0,0,0,0,0,0,0,
0,0,0,0,0,0,0,0,0,0,0,0,0,0,0,0,
0,0,0,0,0,0,0,0,0,0,0,0,0,0,0,0,
0,0,0,0,0,0,0,0,0,0,0,0,0,0,0,0
</Tiles>
<Tiles height="-5">
0,0,0,0,0,0,0,0,0,0,0,0,0,0,0,0,
0,0,0,0,0,0,0,0,0,0,0,0,0,0,0,0,
0,0,0,0,0,0,0,0,0,0,0,0,0,0,0,0,
0,0,0,0,0,300,300,300,300,0,0,0,0,0,0,0,
0,0,0,0,0,0,0,0,0,0,0,0,0,0,0,0,
0,0,0,0,0,0,0,0,0,0,0,0,0,0,0,0,
0,0,0,0,0,0,0,0,0,0,0,0,0,0,0,0,
0,0,0,0,0,0,0,0,0,0,0,0,0,0,0,0,
0,0,0,0,0,0,0,0,0,0,0,0,0,0,0,0,
0,0,0,0,0,0,0,0,0,0,0,0,0,0,0,0,
0,0,0,0,0,0,0,0,0,0,0,0,0,0,0,0,
0,0,0,0,0,0,0,0,0,0,0,0,0,0,0,0,
0,0,0,0,0,0,0,0,0,0,0,0,0,0,0,0,
0,0,0,0,0,0,0,0,0,0,0,0,0,0,0,0,
0,0,0,0,0,0,0,0,0,0,0,0,0,0,0,0,
0,0,0,0,0,0,0,0,0,0,0,0,0,0,0,0
</Tiles>
</Chunk>
<Chunk position="-8,0">
<Tiles height="0">
0,0,0,0,0,0,0,0,0,0,0,0,0,0,0,0,
0,0,0,0,0,0,0,0,0,0,0,0,0,0,0,0,
0,0,0,0,0,0,0,0,0,0,0,0,0,0,0,0,
0,0,0,0,0,0,0,0,0,0,0,0,0,0,0,0,
0,0,0,0,0,0,0,0,0,0,0,0,0,0,0,0,
0,0,0,0,0,0,0,0,0,0,0,0,0,0,0,0,
0,0,0,0,0,0,0,0,0,0,0,0,0,0,0,0,
0,0,0,0,0,0,0,0,0,0,0,0,0,0,0,0,
0,0,0,0,0,0,0,0,0,0,0,0,0,0,0,0,
0,0,0,0,0,0,0,0,0,0,0,0,0,0,0,0,
0,0,0,0,0,0,0,0,0,0,0,0,0,0,0,0,
0,0,0,0,0,0,0,0,0,0,0,0,0,0,0,0,
0,0,0,0,0,0,0,0,0,0,0,0,0,0,0,0,
0,0,0,0,0,0,0,0,0,0,0,0,0,0,0,0,
0,0,0,0,0,0,0,0,0,0,0,0,0,0,0,0,
0,0,0,0,0,0,0,0,0,0,0,0,0,0,0,0
</Tiles>
</Chunk>
<Chunk position="-8,3">
<Tiles height="0">
0,0,0,0,0,0,0,0,0,0,0,0,0,0,0,0,
0,0,0,0,0,0,0,0,0,0,0,0,0,0,0,0,
0,0,0,0,0,0,0,0,0,0,0,0,0,0,0,0,
0,0,0,0,0,0,0,0,0,0,0,0,0,0,0,0,
0,0,0,0,0,0,0,0,0,0,0,0,0,0,0,0,
0,0,0,0,0,0,0,0,0,0,0,0,0,0,0,0,
0,0,0,0,0,0,0,0,0,0,0,0,0,0,0,0,
0,0,0,0,0,0,0,0,0,0,0,0,0,0,0,0,
0,0,0,0,0,0,0,0,0,0,0,0,0,0,0,0,
0,0,0,0,0,0,0,0,0,0,0,0,0,0,0,0,
0,0,0,0,0,0,0,0,0,0,0,0,0,0,0,0,
0,0,0,0,0,0,0,0,0,0,0,0,0,0,0,0,
0,0,0,0,0,0,0,0,0,0,0,0,0,0,0,0,
0,0,0,0,0,0,3,3,3,3,3,3,3,3,3,3,
0,0,0,0,0,0,3,3,3,3,3,3,3,3,3,3,
0,0,0,0,0,0,3,0,0,0,0,0,0,0,0,0
</Tiles>
<Tiles height="1">
0,0,0,0,0,0,0,0,0,0,0,0,0,0,0,0,
0,0,0,0,0,0,0,0,0,0,0,0,0,0,0,0,
0,0,0,0,0,0,0,0,0,0,0,0,0,0,0,0,
0,0,0,0,0,0,0,0,0,0,0,0,0,0,0,0,
0,0,0,0,0,0,0,0,0,0,0,0,0,0,0,0,
0,0,0,0,0,0,0,0,0,0,0,0,0,0,0,0,
0,0,0,0,0,0,0,0,0,0,0,0,0,0,0,0,
0,0,0,0,0,0,0,0,0,0,0,0,0,0,0,0,
0,0,0,0,0,0,0,0,0,0,0,0,0,0,0,0,
0,0,0,0,0,0,0,0,0,0,0,0,0,0,0,0,
0,0,0,0,0,0,0,0,0,0,0,0,0,0,0,0,
0,0,0,0,0,0,0,0,0,0,0,0,0,0,0,0,
0,0,0,0,0,0,0,0,0,0,0,0,0,0,0,0,
0,0,0,0,0,0,0,0,0,0,0,0,0,0,0,0,
0,0,0,0,0,0,0,0,0,0,0,0,0,0,0,0,
0,0,0,0,0,0,0,0,0,0,0,0,0,0,0,0
</Tiles>
<Tiles height="-4">
0,0,0,0,0,0,0,0,0,0,0,0,0,0,0,0,
0,0,0,0,0,0,0,0,0,0,0,0,0,0,0,0,
0,0,0,0,0,0,0,0,0,0,0,0,0,0,0,0,
0,0,0,0,0,0,0,0,0,0,0,0,0,0,0,0,
0,0,0,0,0,0,0,0,0,0,0,0,0,0,0,0,
0,0,0,0,0,0,0,0,0,0,0,3,3,3,3,3,
0,0,0,0,0,0,0,0,0,0,0,3,3,3,3,3,
0,0,0,0,0,0,0,0,0,0,0,3,3,3,3,3,
0,0,0,0,0,0,0,0,0,0,0,3,3,3,3,3,
0,0,0,0,0,0,0,0,0,0,0,3,3,3,3,3,
0,0,0,0,0,0,0,0,0,0,0,3,3,3,3,3,
0,0,0,0,0,0,0,0,0,0,0,3,3,3,3,3,
0,0,0,0,0,0,0,0,0,0,0,3,3,3,3,3,
0,0,0,0,0,0,0,0,0,3,3,3,3,3,3,3,
0,0,0,0,0,0,0,0,0,3,3,3,3,3,3,3,
0,0,0,0,0,0,0,0,0,0,0,3,3,3,3,3
</Tiles>
<Tiles height="-3">
0,0,0,0,0,0,0,0,0,0,0,0,0,0,0,0,
0,0,0,0,0,0,0,0,0,0,0,0,0,0,0,0,
0,0,0,0,0,0,0,0,0,0,0,0,0,0,0,0,
0,0,0,0,0,0,0,0,0,0,0,0,0,0,0,0,
0,0,0,0,0,0,0,0,0,0,0,0,0,0,0,0,
0,0,0,0,0,0,0,0,0,0,0,0,0,0,0,0,
0,0,0,0,0,0,0,0,0,0,0,0,0,0,0,0,
0,0,0,0,0,0,0,0,0,0,0,0,0,0,0,0,
0,0,0,0,0,0,0,0,0,0,0,0,0,0,0,0,
0,0,0,0,0,0,0,0,0,0,0,0,0,0,0,0,
0,0,0,0,0,0,0,0,0,0,0,0,0,0,0,0,
0,0,0,0,0,0,0,0,0,0,0,0,0,0,0,0,
0,0,0,0,0,0,0,0,0,0,0,0,0,0,0,0,
0,0,0,0,0,0,0,0,0,3,3,0,0,0,0,0,
0,0,0,0,0,0,0,0,0,3,3,0,0,0,0,0,
0,0,0,0,0,0,0,0,0,0,0,0,0,0,0,0
</Tiles>
<Tiles height="-5">
0,0,0,0,0,0,0,0,0,0,0,0,0,0,0,0,
0,0,0,0,0,0,0,0,0,0,0,0,0,0,0,0,
0,0,0,0,0,0,0,0,0,0,0,0,0,0,0,0,
0,0,0,0,0,0,0,0,0,0,0,0,0,0,0,0,
0,0,0,0,0,0,0,0,0,0,0,0,0,0,0,0,
0,0,0,0,0,0,0,0,0,0,0,0,0,0,0,0,
0,0,0,0,0,0,0,0,0,0,0,0,0,0,0,0,
0,0,0,0,0,0,0,0,0,0,0,0,0,0,0,0,
0,0,0,0,0,0,0,0,0,0,0,0,0,0,0,0,
0,0,0,0,0,0,0,0,0,0,0,0,0,0,0,0,
0,0,0,0,0,0,0,0,0,0,0,0,0,0,0,0,
0,0,0,0,0,0,0,0,0,0,0,0,0,0,0,0,
0,0,0,0,0,0,0,0,0,0,0,0,0,0,0,0,
0,0,0,0,0,0,0,0,0,0,0,0,0,0,0,0,
0,0,0,0,0,0,0,0,0,0,0,0,0,0,0,0,
0,0,0,0,0,0,0,0,0,0,0,0,0,0,0,0
</Tiles>
<Tiles height="-1">
0,0,0,0,0,0,0,0,0,0,0,0,0,0,0,0,
0,0,0,0,0,0,0,0,0,0,0,0,0,0,0,0,
0,0,0,0,0,0,0,0,0,0,0,0,0,0,0,0,
0,0,0,0,0,0,0,0,0,0,0,0,0,0,0,0,
0,0,0,0,0,0,0,0,0,0,0,0,0,0,0,0,
0,0,0,0,0,0,0,0,0,0,0,0,0,0,0,0,
0,0,0,0,0,0,0,0,0,0,0,0,0,0,0,0,
0,0,0,0,0,0,0,0,0,0,0,0,0,0,0,0,
0,0,0,0,0,0,0,0,0,0,0,0,0,0,0,0,
0,0,0,0,0,0,0,0,0,0,0,0,0,0,0,0,
0,0,0,0,0,0,0,0,0,0,0,0,0,0,0,0,
0,0,0,0,0,0,0,0,0,0,0,0,0,0,0,0,
0,0,0,0,0,0,0,0,0,0,0,0,0,0,0,0,
0,0,0,0,0,0,0,0,0,3,3,0,0,0,0,0,
0,0,0,0,0,0,0,0,0,3,3,0,0,0,0,0,
0,0,0,0,0,0,0,0,0,0,0,0,0,0,0,0
</Tiles>
<Tiles height="-2">
0,0,0,0,0,0,0,0,0,0,0,0,0,0,0,0,
0,0,0,0,0,0,0,0,0,0,0,0,0,0,0,0,
0,0,0,0,0,0,0,0,0,0,0,0,0,0,0,0,
0,0,0,0,0,0,0,0,0,0,0,0,0,0,0,0,
0,0,0,0,0,0,0,0,0,0,0,0,0,0,0,0,
0,0,0,0,0,0,0,0,0,0,0,0,0,0,0,0,
0,0,0,0,0,0,0,0,0,0,0,0,0,0,0,0,
0,0,0,0,0,0,0,0,0,0,0,0,0,0,0,0,
0,0,0,0,0,0,0,0,0,0,0,0,0,0,0,0,
0,0,0,0,0,0,0,0,0,0,0,0,0,0,0,0,
0,0,0,0,0,0,0,0,0,0,0,0,0,0,0,0,
0,0,0,0,0,0,0,0,0,0,0,0,0,0,0,0,
0,0,0,0,0,0,0,0,0,0,0,0,0,0,0,0,
0,0,0,0,0,0,0,0,0,3,3,0,0,0,0,0,
0,0,0,0,0,0,0,0,0,3,3,0,0,0,0,0,
0,0,0,0,0,0,0,0,0,0,0,0,0,0,0,0
</Tiles>
</Chunk>
<Chunk position="-8,2">
<Tiles height="2">
0,0,1,1,1,1,1,1,1,1,0,0,0,0,0,0,
0,1,0,0,1,0,0,0,1,1,0,0,0,0,0,0,
0,1,0,0,1,0,0,0,1,1,0,0,0,0,0,0,
0,1,0,1,1,1,1,1,1,1,0,0,0,0,0,0,
0,1,0,0,1,0,0,0,1,1,0,0,0,0,0,0,
0,1,0,0,1,0,0,0,1,1,0,0,0,0,0,0,
1,1,0,0,1,0,0,0,1,1,0,0,0,0,0,0,
0,1,1,1,1,1,1,1,1,1,0,0,0,0,0,0,
0,1,0,0,1,0,0,0,1,1,0,0,0,0,0,0,
0,1,0,0,1,0,0,0,1,1,0,0,0,0,0,0,
0,1,0,0,1,0,0,0,1,1,0,0,0,0,0,0,
0,1,0,1,1,1,1,1,1,1,0,0,0,0,0,0,
0,1,0,0,1,0,0,0,1,1,0,0,0,0,0,0,
0,1,0,0,1,0,0,0,1,1,0,0,0,0,0,0,
0,1,0,0,1,0,0,0,1,1,0,0,0,0,0,0,
0,1,1,1,1,1,1,1,1,1,0,0,0,0,0,0
</Tiles>
<Tiles height="0">
0,28&30&3,3&193,3&269,3,163,3,161,3,3,0,0,0,0,0,0,
0,28&30&3,3,3,28&3&30,3,3,3,28&3,3,0,0,0,0,0,0,
0,28&30&3,3,3,28&3&30,3,3,3,28&3,3,0,0,0,0,0,0,
0,28&30&3,3,3&221,3,29&30&3,3&173,29&28&3,3,3,0,0,0,0,0,0,
0,28&30&3,3,3,28&3&30,3,3,3,28&3,3,0,0,0,0,0,0,
0,3&28&30,3,3,3&28&30,3,3,3,28&3,3,0,0,0,0,0,0,
3&29,3&28&30,3,3,3&28&30,3,3,3,28&3,3,0,0,0,0,0,0,
3,3&28&30,3&185,3&29&28,3,30&3&265,3&189,29&28&3,3,3,0,0,0,0,0,0,
3,3&28&30,3,3,3&28&30,3,3,3,28&3,3,0,0,0,0,0,0,
3,3&28&30,3,3,3&28&30,3,3,3,28&3,3,0,0,0,0,0,0,
3,3&28&30,3,3,3&28&30,3,3,3,28&3,3,0,0,0,0,0,0,
3,3&28&30,3,3&201&28,3,3&29&30,3&165,3&149,3,3,0,0,0,0,0,0,
3,3&28&30,3,3,3&28&30,3,3,3,28&3,3,0,0,0,0,0,0,
3,3&28&30,3,3,3&28&30,3,3,3,28&3,3,0,0,0,0,0,0,
3,3&28&30,3,3,3&28&30,3,3,3,28&3,3,0,0,0,0,0,0,
3,3&29&28&30,3&185,3&29&28,29&3,29,29,29,29,3,0,0,0,0,0,0
</Tiles>
<Tiles height="4">
0,0,0,0,0,0,0,0,0,0,0,0,0,0,0,0,
0,0,0,0,0,0,0,0,0,0,0,0,0,0,0,0,
0,0,0,0,0,0,0,0,0,0,0,0,0,0,0,0,
0,0,0,0,0,0,0,0,0,0,0,0,0,0,0,0,
0,0,0,0,0,0,0,0,0,0,0,0,0,0,0,0,
0,0,0,0,0,0,0,0,0,0,0,0,0,0,0,0,
0,0,0,0,0,0,0,0,0,0,0,0,0,0,0,0,
0,0,0,0,0,0,0,0,0,0,0,0,0,0,0,0,
0,0,0,0,0,0,0,0,0,0,0,0,0,0,0,0,
0,0,0,0,0,0,0,0,0,0,0,0,0,0,0,0,
0,0,0,0,0,0,0,0,0,0,0,0,0,0,0,0,
0,0,0,0,0,0,0,0,0,0,0,0,0,0,0,0,
0,0,0,0,0,0,0,0,0,0,0,0,0,0,0,0,
0,0,0,0,0,0,0,0,0,0,0,0,0,0,0,0,
0,0,0,0,0,0,0,0,0,0,0,0,0,0,0,0,
0,0,0,0,0,0,0,0,0,0,0,0,0,0,0,0
</Tiles>
<Tiles height="1">
0,28&30,298,29&28,0,29&30,29,29&28,0,0,0,0,0,0,0,0,
0,28&30,0,0,28&30,0,0,0,28,0,0,0,0,0,0,0,
0,28&30,0,0,28&30,0,0,0,28,0,0,0,0,0,0,0,
0,28&30,0,29&28,0,29&30,293,29&28,0,0,0,0,0,0,0,0,
0,28&30,0,0,28&30,0,0,0,28,0,0,0,0,0,0,0,
0,28&30,0,0,28&30,0,0,0,28,0,0,0,0,0,0,0,
29,28&30,0,0,28&30,0,0,0,28,0,0,0,0,0,0,0,
0,28&30,296,29&28,0,29&30,297,29&28,0,0,0,0,0,0,0,0,
0,28&30,0,0,28&30,0,0,0,28,0,0,0,0,0,0,0,
0,28&30,0,0,28&30,0,0,0,28,0,0,0,0,0,0,0,
0,28&30,0,0,28&30,0,0,0,28,0,0,0,0,0,0,0,
0,28&30,0,29&28,0,29&30,291,29&28,0,0,0,0,0,0,0,0,
0,28&30,0,0,28&30,0,0,0,28,0,0,0,0,0,0,0,
0,28&30,0,0,28&30,0,0,0,28,0,0,0,0,0,0,0,
0,28&30,0,0,28&30,0,0,0,28,0,0,0,0,0,0,0,
0,29&28&30,296,29&28,29,29,29,29,29&28,0,0,0,0,0,0,0
</Tiles>
<Tiles height="-1">
0,0,0,0,0,0,0,0,0,0,0,0,0,0,0,0,
0,0,0,0,0,0,0,0,0,0,0,0,0,0,0,0,
0,0,0,0,0,0,0,0,0,0,0,0,0,0,0,0,
0,0,0,0,0,0,0,0,0,0,0,0,0,0,0,0,
0,0,0,0,0,0,0,0,0,0,0,0,0,0,0,0,
0,0,0,0,0,0,0,0,0,0,0,0,0,0,0,0,
0,0,0,0,0,0,0,0,0,0,0,0,0,0,0,0,
0,0,0,0,0,0,0,0,0,0,0,0,0,0,0,0,
0,0,0,0,0,0,0,0,0,0,0,0,0,0,0,0,
0,0,0,0,0,0,0,0,0,0,0,0,0,0,0,0,
0,0,0,0,0,0,0,0,0,0,0,0,0,0,0,0,
0,0,0,0,0,0,0,0,0,0,0,0,0,0,0,0,
0,0,0,0,0,0,0,0,0,0,0,0,0,0,0,0,
0,0,0,0,0,0,0,0,0,0,0,0,0,0,0,0,
0,0,0,0,0,0,0,0,0,0,0,0,0,0,0,0,
0,0,0,0,0,35,35,35,35,0,0,0,0,0,0,0
</Tiles>
<Tiles height="-4">
0,0,0,0,0,0,0,0,0,0,0,3,3,3,3,3,
0,0,0,0,0,0,0,0,0,0,0,3,3,3,3,3,
0,0,0,0,0,0,0,0,0,0,0,3,3,3,3,3,
0,0,0,0,0,0,0,0,0,0,0,3,3,3,3,3,
0,0,0,0,0,0,0,0,0,0,0,3,3,3,3,3,
0,0,0,0,0,0,0,0,0,0,0,3,3,3,3,3,
0,0,0,0,0,0,0,0,0,0,0,3,3,3,3,3,
0,0,0,0,0,0,0,0,0,0,0,3,3,3,3,3,
0,0,0,0,0,0,0,0,0,0,0,3,3,3,3,3,
0,0,0,0,0,0,0,0,0,0,0,0,0,0,0,0,
0,0,0,0,0,0,0,0,0,0,0,0,0,0,0,0,
0,0,0,0,0,0,0,0,0,0,0,0,0,0,0,0,
0,0,0,0,0,0,0,0,0,0,0,0,0,0,0,0,
0,0,0,0,0,0,0,0,0,0,0,0,0,0,0,0,
0,0,0,0,0,0,0,0,0,0,0,0,0,0,0,0,
0,0,0,0,0,0,0,0,0,0,0,0,0,0,0,0
</Tiles>
</Chunk>
<Chunk position="-11,5">
<Tiles height="-1">
0,0,0,0,0,0,0,0,0,0,0,0,0,0,0,0,
0,0,0,0,0,0,0,0,0,0,0,0,0,0,0,0,
0,0,0,0,0,0,0,0,0,0,0,0,0,0,0,0,
0,0,0,0,0,0,0,0,0,0,0,0,0,0,0,0,
0,0,0,0,0,0,0,0,0,0,0,0,0,0,0,0,
0,0,0,0,0,0,0,0,0,0,0,0,0,0,0,0,
0,0,0,0,0,0,0,0,0,0,0,0,0,0,0,0,
0,0,0,0,0,0,0,0,0,0,0,0,0,0,0,0,
0,0,0,0,0,0,0,0,0,0,0,0,0,0,0,0,
0,0,0,0,0,0,0,0,0,0,0,0,0,0,0,0,
0,0,0,0,0,0,0,0,0,0,0,0,0,0,0,0,
0,0,0,0,0,0,0,0,0,0,0,0,0,0,0,0,
0,0,0,0,0,0,0,0,0,0,0,0,0,0,0,0,
0,0,0,0,0,0,0,0,0,0,0,0,0,0,0,0,
0,0,0,0,0,0,0,0,0,0,0,0,0,0,0,0,
0,0,0,0,0,0,28,0,0,0,0,0,0,0,0,0
</Tiles>
<Tiles height="-2">
0,0,0,0,0,0,0,0,0,0,0,0,0,0,0,0,
0,0,0,0,0,0,0,0,0,0,0,0,0,0,0,0,
0,0,0,0,0,0,0,0,0,0,0,0,0,0,0,0,
0,0,0,0,0,0,0,0,0,0,0,0,0,0,0,0,
0,0,0,0,0,0,0,0,0,0,0,0,0,0,0,0,
0,0,0,0,0,0,0,0,0,0,0,0,0,0,0,0,
0,0,0,0,0,0,0,0,0,0,0,0,0,0,0,0,
0,0,0,0,0,0,0,0,0,0,0,0,0,0,0,0,
0,0,0,0,0,0,0,0,0,0,0,0,0,0,0,0,
0,0,0,0,0,0,0,0,0,0,0,0,0,0,0,0,
0,0,0,0,0,0,0,0,0,0,0,0,0,0,0,0,
0,0,0,0,0,0,0,0,0,0,0,0,0,0,0,0,
0,0,0,0,0,0,0,0,0,0,0,0,0,0,0,0,
0,0,0,0,0,0,0,0,0,0,0,0,0,0,0,0,
0,0,0,0,0,0,0,0,0,0,0,0,0,0,0,0,
9,9,9,9,9,9,9&28,0,0,0,0,0,0,0,0,0
</Tiles>
<Tiles height="2">
0,0,0,0,0,0,0,0,0,0,0,0,0,0,0,0,
0,0,0,0,0,0,0,0,0,0,0,0,0,0,0,0,
0,0,0,0,0,0,0,0,0,0,0,0,0,0,0,0,
0,0,0,0,0,0,0,0,0,0,0,0,0,0,0,0,
0,0,0,0,0,0,0,0,0,0,0,0,0,0,0,0,
0,0,0,0,0,0,0,0,0,0,0,0,0,0,0,0,
0,0,0,0,0,0,0,0,0,0,0,0,0,0,0,0,
0,0,0,0,0,0,0,0,0,0,0,0,0,0,0,0,
0,0,0,0,0,0,0,0,0,0,0,0,0,0,0,0,
0,0,0,0,0,0,0,0,0,0,0,0,0,0,0,0,
0,0,0,0,0,0,0,0,0,0,0,0,0,0,0,0,
0,0,0,0,0,0,0,0,0,0,0,0,0,0,0,0,
0,0,0,0,0,0,0,0,0,0,0,0,0,0,0,0,
0,0,0,0,0,0,0,0,0,0,0,0,0,0,0,0,
0,0,0,0,0,0,0,0,0,0,0,0,0,0,0,0,
0,0,0,0,0,0,2,2,0,0,0,0,0,0,0,0
</Tiles>
<Tiles height="1">
0,0,0,0,0,0,0,0,0,0,0,0,0,0,0,0,
0,0,0,0,0,0,0,0,0,0,0,0,0,0,0,0,
0,0,0,0,0,0,0,0,0,0,0,0,0,0,0,0,
0,0,0,0,0,0,0,0,0,0,0,0,0,0,0,0,
0,0,0,0,0,0,0,0,0,0,0,0,0,0,0,0,
0,0,0,0,0,0,0,0,0,0,0,0,0,0,0,0,
0,0,0,0,0,0,0,0,0,0,0,0,0,0,0,0,
0,0,0,0,0,0,0,0,0,0,0,0,0,0,0,0,
0,0,0,0,0,0,0,0,0,0,0,0,0,0,0,0,
0,0,0,0,0,0,0,0,0,0,0,0,0,0,0,0,
0,0,0,0,0,0,0,0,0,0,0,0,0,0,0,0,
0,0,0,0,0,0,0,0,0,0,0,0,0,0,0,0,
0,0,0,0,0,0,0,0,0,0,0,0,0,0,0,0,
0,0,0,0,0,0,0,0,0,0,0,0,0,0,0,0,
0,0,0,0,0,0,0,0,0,0,0,0,0,0,0,0,
0,0,0,0,0,0,28,0,0,0,0,0,0,0,0,0
</Tiles>
<Tiles height="0">
0,0,0,0,0,0,0,0,0,0,0,0,0,0,0,0,
0,0,0,0,0,0,0,0,0,0,0,0,0,0,0,0,
0,0,0,0,0,0,0,0,0,0,0,0,0,0,0,0,
0,0,0,0,0,0,0,0,0,0,0,0,0,0,0,0,
0,0,0,0,0,0,0,0,0,0,0,0,0,0,0,0,
0,0,0,0,0,0,0,0,0,0,0,0,0,0,0,0,
0,0,0,0,0,0,0,0,0,0,0,0,0,0,0,0,
0,0,0,0,0,0,0,0,0,0,0,0,0,0,0,0,
0,0,0,0,0,0,0,0,0,0,0,0,0,0,0,0,
0,0,0,0,0,0,0,0,0,0,0,0,0,0,0,0,
0,0,0,0,0,0,0,0,0,0,0,0,0,0,0,0,
0,0,0,0,0,0,0,0,0,0,0,0,0,0,0,0,
0,0,0,0,0,0,0,0,0,0,0,0,0,0,0,0,
0,0,0,0,0,0,0,0,0,0,0,0,0,0,0,0,
0,0,0,0,0,0,0,0,0,0,0,0,0,0,0,0,
0,0,0,0,0,0,28,0,0,0,0,0,0,0,0,0
</Tiles>
<Tiles height="-3">
0,0,0,0,0,0,0,0,0,0,0,0,0,0,0,0,
0,0,0,0,0,0,0,0,0,0,0,0,0,0,0,0,
0,0,0,0,0,0,0,0,0,0,0,0,0,0,0,0,
0,0,0,0,0,0,0,0,0,0,0,0,0,0,0,0,
0,0,0,0,0,0,0,0,0,0,0,0,0,0,0,0,
0,0,0,0,0,0,0,0,0,0,0,0,0,0,0,0,
0,0,0,0,0,0,0,0,0,0,0,0,0,0,0,0,
0,0,0,0,0,0,0,0,0,0,0,0,0,0,0,0,
0,0,0,0,0,0,0,0,0,0,0,0,0,0,0,0,
0,0,0,0,0,0,0,0,0,0,0,0,0,0,0,0,
0,0,0,0,0,0,0,0,0,0,0,0,0,0,0,0,
0,0,0,0,0,0,0,0,0,0,0,0,0,0,0,0,
0,0,0,0,0,0,0,0,0,0,0,0,0,0,0,0,
0,0,0,0,0,0,0,0,0,0,0,0,0,0,0,0,
0,0,0,0,0,0,0,0,0,0,0,0,0,0,0,0,
0,0,0,0,0,0,34,0,0,0,0,0,0,0,0,0
</Tiles>
</Chunk>
<Chunk position="-9,2">
<Tiles height="-4">
0,0,3,3,3,3,3,0,0,3,3,3,3,3,0,0,
0,0,3,3,3,3,3,0,0,3,3,3,3,3,0,0,
0,0,3,3,3,3,3,0,0,3,3,3,3,3,0,0,
0,0,3,3,3,3,3,0,0,3,3,3,3,3,0,0,
0,0,3,3,3,3,3,0,0,3,3,3,3,3,0,0,
0,0,3,3,3,3,3,0,0,3,3,3,3,3,0,0,
0,0,3,3,3,3,3,0,0,3,3,3,3,3,0,0,
0,0,3,3,3,3,3,0,0,3,3,3,3,3,0,0,
0,0,3,3,3,3,3,0,0,3,3,3,3,3,0,0,
0,0,0,0,0,0,0,0,0,0,0,0,0,0,0,0,
0,0,0,0,0,0,0,0,0,0,0,0,0,0,0,0,
0,0,0,0,0,0,0,0,0,0,0,0,0,0,0,0,
0,0,0,0,0,0,0,0,0,0,0,0,0,0,0,0,
0,0,0,0,0,0,0,0,0,0,0,0,0,0,0,0,
0,0,0,0,0,0,0,0,0,0,0,0,0,0,0,0,
0,0,0,0,0,0,0,0,0,0,0,0,0,0,0,0
</Tiles>
</Chunk>
<Chunk position="-9,3">
<Tiles height="0">
0,0,0,0,0,0,0,0,0,0,0,0,0,0,0,0,
0,0,0,0,0,0,0,0,0,0,0,0,0,0,0,0,
0,0,0,0,0,0,0,0,0,0,0,0,0,0,3,3,
0,0,0,0,0,0,0,0,0,0,0,0,0,0,3,3,
0,0,0,0,0,0,0,0,0,0,0,0,0,0,3,3,
0,0,0,0,0,0,0,0,0,0,0,0,0,0,3,3,
0,0,0,0,0,0,0,0,0,0,0,0,0,0,3,3,
0,0,0,0,0,0,0,0,0,0,0,0,0,0,3,3,
0,0,0,0,0,0,0,0,0,0,0,0,0,0,3,3,
0,0,0,0,0,0,0,0,0,0,0,0,0,0,3,3,
0,0,0,0,0,0,0,0,0,0,0,0,0,0,3,3,
0,0,0,0,0,0,0,0,0,0,0,0,0,0,3,3,
0,0,0,0,0,0,0,0,0,0,0,0,0,0,3,3,
3,3,3,3,3,3,3,3,3,3,3,3,3,3,3,3,
3,3,3,3,3,3,3,3,3,3,3,3,3,3,3,3,
0,0,0,0,0,0,0,0,0,0,0,0,0,0,0,0
</Tiles>
<Tiles height="-1">
0,0,0,0,0,0,0,0,0,0,0,0,0,0,0,0,
0,0,0,0,0,0,0,0,0,0,0,0,0,0,0,0,
0,0,0,0,0,0,0,0,0,0,0,0,0,0,0,0,
0,0,0,0,0,0,0,0,0,0,0,0,0,0,0,0,
0,0,0,0,0,0,0,0,0,0,0,0,0,0,0,0,
0,0,0,0,0,0,0,0,0,0,0,0,0,0,0,0,
0,0,0,0,0,0,0,0,0,0,0,0,0,0,3,3,
0,0,0,0,0,0,0,0,0,0,0,0,0,0,3,3,
0,0,0,0,0,0,0,0,0,0,0,0,0,0,0,0,
0,0,0,0,0,0,0,0,0,0,0,0,0,0,0,0,
0,0,0,0,0,0,0,0,0,0,0,0,0,0,0,0,
0,0,0,0,0,0,0,0,0,0,0,0,0,0,0,0,
0,0,0,0,0,0,0,0,0,0,0,0,0,0,0,0,
3,3,0,0,0,0,0,3,3,0,0,0,0,0,3,3,
3,3,0,0,0,0,0,3,3,0,0,0,0,0,3,3,
0,0,0,0,0,0,0,0,0,0,0,0,0,0,0,0
</Tiles>
<Tiles height="-2">
0,0,0,0,0,0,0,0,0,0,0,0,0,0,0,0,
0,0,0,0,0,0,0,0,0,0,0,0,0,0,0,0,
0,0,0,0,0,0,0,0,0,0,0,0,0,0,0,0,
0,0,0,0,0,0,0,0,0,0,0,0,0,0,0,0,
0,0,0,0,0,0,0,0,0,0,0,0,0,0,0,0,
0,0,0,0,0,0,0,0,0,0,0,0,0,0,0,0,
0,0,0,0,0,0,0,0,0,0,0,0,0,0,3,3,
0,0,0,0,0,0,0,0,0,0,0,0,0,0,3,3,
0,0,0,0,0,0,0,0,0,0,0,0,0,0,0,0,
0,0,0,0,0,0,0,0,0,0,0,0,0,0,0,0,
0,0,0,0,0,0,0,0,0,0,0,0,0,0,0,0,
0,0,0,0,0,0,0,0,0,0,0,0,0,0,0,0,
0,0,0,0,0,0,0,0,0,0,0,0,0,0,0,0,
3,3,0,0,0,0,0,3,3,0,0,0,0,0,3,3,
3,3,0,0,0,0,0,3,3,0,0,0,0,0,3,3,
0,0,0,0,0,0,0,0,0,0,0,0,0,0,0,0
</Tiles>
<Tiles height="-3">
0,0,0,0,0,0,0,0,0,0,0,0,0,0,0,0,
0,0,0,0,0,0,0,0,0,0,0,0,0,0,0,0,
0,0,0,0,0,0,0,0,0,0,0,0,0,0,0,0,
0,0,0,0,0,0,0,0,0,0,0,0,0,0,0,0,
0,0,0,0,0,0,0,0,0,0,0,0,0,0,0,0,
0,0,0,0,0,0,0,0,0,0,0,0,0,0,0,0,
0,0,0,0,0,0,0,0,0,0,0,0,0,0,3,3,
0,0,0,0,0,0,0,0,0,0,0,0,0,0,3,3,
0,0,0,0,0,0,0,0,0,0,0,0,0,0,0,0,
0,0,0,0,0,0,0,0,0,0,0,0,0,0,0,0,
0,0,0,0,0,0,0,0,0,0,0,0,0,0,0,0,
0,0,0,0,0,0,0,0,0,0,0,0,0,0,0,0,
0,0,0,0,0,0,0,0,0,0,0,0,0,0,0,0,
3,3,0,0,0,0,0,3,3,0,0,0,0,0,3,3,
3,3,0,0,0,0,0,3,3,0,0,0,0,0,3,3,
0,0,0,0,0,0,0,0,0,0,0,0,0,0,0,0
</Tiles>
<Tiles height="-4">
0,0,0,0,0,0,0,0,0,0,0,0,0,0,0,0,
0,0,0,0,0,0,0,0,0,0,0,0,0,0,0,0,
0,0,0,0,0,0,0,0,0,0,0,0,0,0,0,0,
0,0,0,0,0,0,0,0,0,0,0,0,0,0,0,0,
0,0,0,0,0,0,0,0,0,0,0,0,0,0,0,0,
0,0,3,3,3,3,3,0,0,3,3,3,3,3,0,0,
0,0,3,3,3,3,3,0,0,3,3,3,3,3,3,3,
0,0,3,3,3,3,3,0,0,3,3,3,3,3,3,3,
0,0,3,3,3,3,3,0,0,3,3,3,3,3,0,0,
0,0,3,3,3,3,3,0,0,3,3,3,3,3,0,0,
0,0,3,3,3,3,3,0,0,3,3,3,3,3,0,0,
0,0,3,3,3,3,3,0,0,3,3,3,3,3,0,0,
0,0,3,3,3,3,3,0,0,3,3,3,3,3,0,0,
3,3,3,3,3,3,3,3,3,3,3,3,3,3,3,3,
3,3,3,3,3,3,3,3,3,3,3,3,3,3,3,3,
0,0,3,3,3,3,3,0,0,3,3,3,3,3,0,0
</Tiles>
<Tiles height="-5">
0,0,0,0,0,0,0,0,0,0,0,0,0,0,0,0,
0,0,0,0,0,0,0,0,0,0,0,0,0,0,0,0,
0,0,0,0,0,0,0,0,0,0,0,0,0,0,0,0,
0,0,0,0,0,0,0,0,0,0,0,0,0,0,0,0,
0,0,0,0,0,0,0,0,0,0,0,0,0,0,0,0,
0,0,0,0,0,0,0,0,0,0,0,0,0,0,0,0,
0,0,0,0,0,0,0,0,0,0,0,0,0,0,3,3,
0,0,0,0,0,0,0,0,0,0,0,0,0,0,3,3,
0,0,0,0,0,0,0,0,0,0,0,0,0,0,0,0,
0,0,0,0,0,0,0,0,0,0,0,0,0,0,0,0,
0,0,0,0,0,0,0,0,0,0,0,0,0,0,0,0,
0,0,0,0,0,0,0,0,0,0,0,0,0,0,0,0,
0,0,0,0,0,0,0,0,0,0,0,0,0,0,0,0,
0,0,0,0,0,0,0,0,0,0,0,0,0,0,0,0,
0,0,0,0,0,0,0,0,0,0,0,0,0,0,0,0,
0,0,0,0,0,0,0,0,0,0,0,0,0,0,0,0
</Tiles>
</Chunk>
<Chunk position="-10,4">
<Tiles height="0">
0,0,0,0,0,0,0,0,2,0,0,0,0,0,0,0,
0,0,0,0,0,0,0,0,2,0,0,0,0,0,0,0,
0,0,0,0,0,0,0,0,2,0,0,0,0,0,0,0,
0,0,0,0,0,0,0,0,2,0,0,0,0,0,0,0,
0,0,0,0,0,0,0,0,2,0,0,0,0,0,0,0,
0,0,0,0,0,0,0,0,2,0,0,0,0,0,0,0,
0,0,0,0,0,0,0,0,2,0,0,0,0,0,0,0,
0,0,0,0,0,0,0,0,2,0,0,0,0,0,0,0,
0,0,0,0,0,0,0,0,2,0,0,0,0,0,0,0,
0,0,0,0,0,0,0,0,2,0,0,0,0,0,0,0,
0,0,0,0,0,0,0,0,2,0,0,0,0,0,0,0,
0,0,0,0,0,0,0,0,2,0,0,0,0,0,0,0,
0,0,0,0,0,0,0,0,2,0,0,0,0,0,0,0,
0,0,0,0,0,0,0,0,2,0,0,0,3&73&53,30&150&3,0,0,
0,0,2,2,2,2,2,2,2,0,0,0,3,3,0,0,
0,0,0,0,0,0,0,0,2,0,0,0,0,0,0,0
</Tiles>
<Tiles height="1">
0,0,0,0,0,0,0,0,0,0,0,0,0,0,0,0,
0,0,0,0,0,0,0,0,0,0,0,0,0,0,0,0,
0,0,0,0,0,0,0,0,0,0,0,0,0,0,0,0,
0,0,0,0,0,0,0,0,0,0,0,0,0,0,0,0,
0,0,0,0,0,0,0,0,0,0,0,0,0,0,0,0,
0,0,0,0,0,0,0,0,0,0,0,0,0,0,0,0,
0,0,0,0,0,0,0,0,0,0,0,0,0,0,0,0,
0,0,0,0,0,0,0,0,0,0,0,0,0,0,0,0,
0,0,0,0,0,0,0,0,0,0,0,0,0,0,0,0,
0,0,0,0,0,0,0,0,0,0,0,0,0,0,0,0,
0,0,0,0,0,0,0,0,0,0,0,0,0,0,0,0,
0,0,0,0,0,0,0,0,0,0,0,0,0,0,0,0,
0,0,0,0,0,0,0,0,0,0,0,0,0,0,0,0,
0,0,0,0,0,0,0,0,0,0,0,0,71&53,29&30,0,0,
0,0,0,0,0,0,0,0,0,0,0,0,0,0,0,0,
0,0,0,0,0,0,0,0,0,0,0,0,0,0,0,0
</Tiles>
<Tiles height="2">
0,0,0,0,0,0,0,0,0,0,0,0,0,0,0,0,
0,0,0,0,0,0,0,0,0,0,0,0,0,0,0,0,
0,0,0,0,0,0,0,0,0,0,0,0,0,0,0,0,
0,0,0,0,0,0,0,0,0,0,0,0,0,0,0,0,
0,0,0,0,0,0,0,0,0,0,0,0,0,0,0,0,
0,0,0,0,0,0,0,0,0,0,0,0,0,0,0,0,
0,0,0,0,0,0,0,0,0,0,0,0,0,0,0,0,
0,0,0,0,0,0,0,0,0,0,0,0,0,0,0,0,
0,0,0,0,0,0,0,0,0,0,0,0,0,0,0,0,
0,0,0,0,0,0,0,0,0,0,0,0,0,0,0,0,
0,0,0,0,0,0,0,0,0,0,0,0,0,0,0,0,
0,0,0,0,0,0,0,0,0,0,0,0,0,0,0,0,
0,0,0,0,0,0,0,0,0,0,0,0,0,0,0,0,
0,0,0,0,0,0,0,0,0,0,0,0,2,2,0,0,
0,0,0,0,0,0,0,0,0,0,0,0,0,0,0,0,
0,0,0,0,0,0,0,0,0,0,0,0,0,0,0,0
</Tiles>
<Tiles height="-1">
0,0,0,0,0,0,0,0,30,0,0,0,0,0,0,0,
0,0,0,0,0,0,0,0,30,0,0,0,0,0,0,0,
0,0,0,0,0,0,0,0,30,0,0,0,0,0,0,0,
0,0,0,0,0,0,0,0,30,0,0,0,0,0,0,0,
0,0,0,0,0,0,0,0,30,0,0,0,0,0,0,0,
0,0,0,0,0,0,0,0,30,0,0,0,0,0,0,0,
0,0,0,0,0,0,0,0,30,0,0,0,0,0,0,0,
0,0,0,0,0,0,0,0,30,0,0,0,0,0,0,0,
0,0,0,0,0,0,0,0,30,0,0,0,0,0,0,0,
0,0,0,0,0,0,0,0,30,0,0,0,0,0,0,0,
0,0,0,0,0,0,0,0,30,0,0,0,0,0,0,0,
0,0,0,0,0,0,0,0,30,0,0,0,0,0,0,0,
0,0,0,0,0,0,0,0,30,0,0,0,0,0,0,0,
0,0,0,0,0,0,0,0,30,0,0,0,3,3,0,0,
0,0,0,0,0,0,0,0,30,0,0,0,3,3,0,0,
0,0,0,0,0,0,0,0,30,0,0,0,0,0,0,0
</Tiles>
<Tiles height="-2">
0,0,0,0,0,0,0,0,30,9,9,9,9,9,9,9,
0,0,0,0,0,0,0,0,30,9,9,9,9,9,9,9,
0,0,0,0,0,0,0,0,30,9,9,9,9,9,9,9,
0,0,0,0,0,0,0,0,30,9,9,9,9,9,9,9,
0,0,0,0,0,0,0,0,30,9,9,9,9,9,9,9,
0,0,0,0,0,0,0,0,30,9,9,9,9,9,9,9,
0,0,0,0,0,0,0,0,30,9,9,9,9,9,9,9,
0,0,0,0,0,0,0,0,30,9,9,9,9,9,9,9,
0,0,0,0,0,0,0,0,30,9,9,9,9,9,9,9,
0,0,0,0,0,0,0,0,30,9,9,9,9,9,9,9,
0,0,0,0,0,0,0,0,30,9,9,9,9,9,9,9,
0,0,0,0,0,0,0,0,30,9,9,9,9,9,9,9,
0,0,0,0,0,0,0,0,30,9,9,9,9,9,9,9,
0,0,0,0,0,0,0,0,30,9,9,9,3,3,9,9,
0,0,0,0,0,0,0,0,30,9,9,9,3,3,9,9,
0,0,0,0,0,0,0,0,30,9,9,9,9,9,9,9
</Tiles>
<Tiles height="-3">
0,0,0,0,0,0,0,0,30,0,0,0,0,0,0,0,
0,0,0,0,0,0,0,0,30,0,0,0,0,0,0,0,
0,0,0,0,0,0,0,0,30,0,0,0,0,0,0,0,
0,0,0,0,0,0,0,0,30,0,0,0,0,0,0,0,
0,0,0,0,0,0,0,0,30,0,0,0,0,0,0,0,
0,0,0,0,0,0,0,0,30,0,0,0,0,0,0,0,
0,0,0,0,0,0,0,0,30,0,0,0,0,0,0,0,
0,0,0,0,0,0,0,0,30,0,0,0,0,0,0,0,
0,0,0,0,0,0,0,0,30,0,0,0,0,0,0,0,
0,0,0,0,0,0,0,0,30,0,0,0,0,0,0,0,
0,0,0,0,0,0,0,0,30,0,0,0,0,0,0,0,
0,0,0,0,0,0,0,0,30,0,0,0,0,0,0,0,
0,0,0,0,0,0,0,0,30,0,0,0,0,0,0,0,
0,0,0,0,0,0,0,0,30,0,0,0,0,0,0,0,
0,0,0,0,0,0,0,0,30,0,0,0,0,0,0,0,
0,0,0,0,0,0,0,0,30,0,0,0,0,0,0,0
</Tiles>
</Chunk>
<Chunk position="-10,3">
<Tiles height="0">
0,0,0,0,0,0,0,0,2,0,0,0,3,3,0,0,
0,0,0,0,0,0,0,0,2,0,0,0,3,108,0,0,
3,3,3,3,3,3,3,107,3,0,3&149&28&30,3,3,3,3,3,
3,3,3,3,3,3,3,3,3,0,3,3,3,3,3,3,
1,1,1,1,1,1,1,1,1,0,0,0,3,109,0,0,
0,0,0,0,0,0,0,0,1,0,0,0,3,3,0,0,
0,0,0,0,0,0,0,0,1,0,0,0,0,0,0,0,
0,0,0,0,0,0,0,0,2,0,0,0,3&151&28&30,3,3,3,
0,0,0,0,0,0,0,0,2,0,0,0,3,3,3,3,
0,0,0,0,0,0,0,0,2,0,0,0,0,0,0,0,
0,0,0,0,0,0,0,0,2,0,0,0,0,0,0,0,
0,0,0,0,0,0,0,0,2,0,0,0,0,0,0,0,
0,0,0,0,0,0,0,0,2,0,0,0,0,0,0,0,
0,0,0,0,0,0,0,0,2,0,0,0,0,0,0,0,
0,0,0,0,0,0,0,0,2,0,0,0,0,0,0,0,
0,0,0,0,0,0,0,0,0,0,0,0,0,0,0,0
</Tiles>
<Tiles height="1">
0,0,0,0,0,0,0,0,0,0,0,0,0,0,0,0,
0,0,0,0,0,0,0,0,0,0,0,0,0,0,0,0,
0,0,0,0,0,0,0,0,0,0,28&30&29,0,0,0,0,0,
0,0,0,0,0,0,0,0,0,0,0,0,0,0,0,0,
0,0,0,0,0,0,0,0,0,0,0,0,0,0,0,0,
0,0,0,0,0,0,0,0,0,0,0,0,0,0,0,0,
0,0,0,0,0,0,0,0,0,0,0,0,0,0,0,0,
0,0,0,0,0,0,0,0,0,0,0,0,28&30&29,0,0,0,
0,0,0,0,0,0,0,0,0,0,0,0,0,0,0,0,
0,0,0,0,0,0,0,0,0,0,0,0,0,0,0,0,
0,0,0,0,0,0,0,0,0,0,0,0,0,0,0,0,
0,0,0,0,0,0,0,0,0,0,0,0,0,0,0,0,
0,0,0,0,0,0,0,0,0,0,0,0,0,0,0,0,
0,0,0,0,0,0,0,0,0,0,0,0,0,0,0,0,
0,0,0,0,0,0,0,0,0,0,0,0,0,0,0,0,
0,0,0,0,0,0,0,0,0,0,0,0,0,0,0,0
</Tiles>
<Tiles height="2">
0,0,0,0,0,0,0,0,0,0,0,0,0,0,0,0,
0,0,0,0,0,0,0,0,0,0,0,0,0,0,0,0,
0,0,0,0,0,0,0,0,0,0,2,0,0,0,0,0,
0,0,0,0,0,0,0,0,0,0,0,0,0,0,0,0,
0,0,0,0,0,0,0,0,0,0,0,0,0,0,0,0,
0,0,0,0,0,0,0,0,0,0,0,0,0,0,0,0,
0,0,0,0,0,0,0,0,0,0,0,0,0,0,0,0,
0,0,0,0,0,0,0,0,0,0,0,0,2,0,0,0,
0,0,0,0,0,0,0,0,0,0,0,0,0,0,0,0,
0,0,0,0,0,0,0,0,0,0,0,0,0,0,0,0,
0,0,0,0,0,0,0,0,0,0,0,0,0,0,0,0,
0,0,0,0,0,0,0,0,0,0,0,0,0,0,0,0,
0,0,0,0,0,0,0,0,0,0,0,0,0,0,0,0,
0,0,0,0,0,0,0,0,0,0,0,0,0,0,0,0,
0,0,0,0,0,0,0,0,0,0,0,0,0,0,0,0,
0,0,0,0,0,0,0,0,0,0,0,0,0,0,0,0
</Tiles>
<Tiles height="-2">
0,0,0,0,0,0,0,0,30,9,9,9,3,3,9,9,
0,0,0,0,0,0,0,0,30,9,9,9,3,3,9,9,
0,0,0,0,0,0,0,0,3,9,3,3,0,0,3,3,
0,0,0,0,0,0,0,0,3,9,3,3,0,0,3,3,
0,0,0,0,0,0,0,0,30,9,9,9,3,3,9,9,
0,0,0,0,0,0,0,0,30,9,9,9,3,3,9,9,
0,0,0,0,0,0,0,0,30,9,9,9,9,9,9,9,
0,0,0,0,0,0,0,0,30,9,9,9,3,3,3,3,
0,0,0,0,0,0,0,0,30,9,9,9,3,3,3,3,
0,0,0,0,0,0,0,0,30,9,9,9,9,9,9,9,
0,0,0,0,0,0,0,0,30,9,9,9,9,9,9,9,
0,0,0,0,0,0,0,0,30,9,9,9,9,9,9,9,
0,0,0,0,0,0,0,0,30,9,9,9,9,9,9,9,
0,0,0,0,0,0,0,0,30,9,9,9,9,9,9,9,
0,0,0,0,0,0,0,0,30,9,9,9,9,9,9,9,
0,0,0,0,0,0,0,0,0,1,1,1,1,1,1,1
</Tiles>
<Tiles height="-1">
0,0,0,0,0,0,0,0,30,0,0,0,3,3,0,0,
0,0,0,0,0,0,0,0,30,0,0,0,3,3,0,0,
0,0,0,0,0,0,0,0,3,0,3,3,3,3,3,3,
0,0,0,0,0,0,0,0,3,0,3,3,3,3,3,3,
0,0,0,0,0,0,0,0,30,0,0,0,3,3,0,0,
0,0,0,0,0,0,0,0,30,0,0,0,3,3,0,0,
0,0,0,0,0,0,0,0,30,0,0,0,0,0,0,0,
0,0,0,0,0,0,0,0,30,0,0,0,3,3,0,0,
0,0,0,0,0,0,0,0,30,0,0,0,3,3,3,3,
0,0,0,0,0,0,0,0,30,0,0,0,0,0,0,0,
0,0,0,0,0,0,0,0,30,0,0,0,0,0,0,0,
0,0,0,0,0,0,0,0,30,0,0,0,0,0,0,0,
0,0,0,0,0,0,0,0,30,0,0,0,0,0,0,0,
0,0,0,0,0,0,0,0,30,0,0,0,0,0,0,0,
0,0,0,0,0,0,0,0,30,0,0,0,0,0,0,0,
0,0,0,0,0,0,0,0,0,0,0,0,0,0,0,0
</Tiles>
<Tiles height="-3">
0,0,0,0,0,0,0,0,30,0,0,0,0,0,0,0,
0,0,0,0,0,0,0,0,30,0,0,0,0,0,0,0,
0,0,0,0,0,0,0,0,0,0,0,0,0,0,0,0,
0,0,0,0,0,0,0,0,0,0,0,0,0,0,0,0,
0,0,0,0,0,0,0,0,30,0,0,0,0,0,0,0,
0,0,0,0,0,0,0,0,30,0,0,0,0,0,0,0,
0,0,0,0,0,0,0,0,30,0,0,0,0,0,0,0,
0,0,0,0,0,0,0,0,30,0,0,0,0,0,0,0,
0,0,0,0,0,0,0,0,30,0,0,0,0,0,0,0,
0,0,0,0,0,0,0,0,30,0,0,0,0,0,0,0,
0,0,0,0,0,0,0,0,30,0,0,0,0,0,0,0,
0,0,0,0,0,0,0,0,30,0,0,0,0,0,0,0,
0,0,0,0,0,0,0,0,30,0,0,0,0,0,0,0,
0,0,0,0,0,0,0,0,30,0,0,0,0,0,0,0,
0,0,0,0,0,0,0,0,30,0,0,0,0,0,0,0,
0,0,0,0,0,0,0,0,0,0,0,0,0,0,0,0
</Tiles>
</Chunk>
<Chunk position="-11,2">
<Tiles height="1">
0,0,0,0,0,0,0,0,0,0,0,0,0,0,0,30,
0,0,0,0,0,0,0,0,0,0,0,0,0,0,0,30,
0,0,0,0,0,0,0,0,0,0,0,0,0,0,0,30,
0,0,0,0,0,0,0,0,0,0,0,0,0,0,0,30,
0,0,0,0,0,0,0,0,0,0,29,29,29,29,29,29&30,
0,0,0,0,0,0,0,0,0,30,0,0,0,0,0,0,
0,0,0,0,0,0,0,0,0,30,0,0,0,0,0,0,
0,0,0,0,0,0,0,0,0,30,0,0,0,0,0,0,
0,0,0,0,0,0,0,0,0,30,29,29,29,0,29,29,
0,0,0,0,0,0,0,0,0,30,0,0,0,30&28,0,0,
0,0,0,0,0,0,0,0,0,30,0,0,0,30&28,0,0,
0,0,0,0,0,0,0,0,0,30,0,0,0,30&28,0,0,
0,0,0,0,0,0,0,0,0,29&30,29&30,293,29&28,30&28&29,29,29&30,
0,0,0,0,0,0,0,0,30,0,0,0,0,0,0,0,
0,0,0,0,0,0,0,0,30,0,0,0,0,0,0,0,
0,0,0,0,0,0,0,0,30,0,0,0,0,0,0,0
</Tiles>
<Tiles height="0">
0,0,0,0,0,0,0,0,0,0,0,0,0,0,0,3&30,
0,0,0,0,0,0,0,0,0,0,0,0,0,0,0,3&30,
0,0,0,0,0,0,0,0,0,0,0,0,0,0,0,3&30,
0,0,0,0,0,0,0,0,0,0,0,0,0,0,0,3&30,
0,0,0,0,0,0,0,0,0,3,29&3,29&3,29&3,29&3,29&3,3&163&30,
0,0,0,0,0,0,0,0,0,30&3,3,3,3,3,3,3,
0,0,0,0,0,0,0,0,0,30&3,3,3,3,3,3,3,
0,0,0,0,0,0,0,0,0,30&3,3,3,3,3,3,3,
0,0,0,0,0,0,0,0,0,30&3,3&29,3&217,3&29,3,3&29,3&29,
0,0,0,0,0,0,0,0,0,3&30,3,3,3,30&28&3,3,3,
0,0,0,0,0,0,0,0,0,3&30,3,3,3,30&28&3,3,3,
0,0,0,0,0,0,0,0,0,3&30,3,3,3,30&28&3,3,3,
0,0,0,0,0,0,0,0,3,3&29&30,3&29&30,3&173,3&29&28,30&28&29&3,3&29,3&203&30,
0,0,0,0,0,0,0,0,30&3,3,3,3,3,3,3,3,
0,0,0,0,0,0,0,0,30&3,3,3,3,3,3,3,3,
0,0,0,0,0,0,0,0,30&3,3,3,3,3,3,3,3
</Tiles>
<Tiles height="2">
0,0,0,0,0,0,0,0,0,0,0,0,0,0,0,2,
0,0,0,0,0,0,0,0,0,0,0,0,0,0,0,2,
0,0,0,0,0,0,0,0,0,0,0,0,0,0,0,2,
0,0,0,0,0,0,0,0,0,0,0,0,0,0,0,2,
0,0,0,0,0,0,0,0,0,2,2,2,2,2,2,2,
0,0,0,0,0,0,0,0,0,2,0,0,0,0,0,0,
0,0,0,0,0,0,0,0,0,2,0,0,0,0,0,0,
0,0,0,0,0,0,0,0,0,2,0,0,0,0,0,0,
0,0,0,0,0,0,0,0,0,2,2,2,2,2,2,2,
0,0,0,0,0,0,0,0,0,2,0,0,0,2,0,0,
0,0,0,0,0,0,0,0,0,2,0,0,0,2,0,0,
0,0,0,0,0,0,0,0,0,2,0,0,0,2,0,0,
0,0,0,0,0,0,0,0,2,2,2,2,2,2,2,2,
0,0,0,0,0,0,0,0,2,0,0,0,0,0,0,0,
0,0,0,0,0,0,0,0,2,0,0,0,0,0,0,0,
0,0,0,0,0,0,0,0,2,0,0,0,0,0,0,0
</Tiles>
</Chunk>
<Chunk position="-11,4">
<Tiles height="0">
0,0,0,0,0,0,28,0,0,0,0,0,0,0,0,0,
0,0,0,0,0,0,28,0,0,0,0,0,0,0,0,0,
0,0,0,0,0,0,28,0,0,0,0,0,0,0,0,0,
0,0,0,0,0,0,28,0,0,0,0,0,0,0,0,0,
0,0,0,0,0,0,28,0,0,0,0,0,0,0,0,0,
0,0,0,0,0,0,28,0,0,0,0,0,0,0,0,0,
0,0,0,0,0,0,28,0,0,0,0,0,0,0,0,0,
0,28,0,0,0,0,0,0,0,0,0,0,0,0,0,0,
0,28,0,0,0,0,0,0,0,0,0,0,0,0,0,0,
0,29&28,29,29,29,29,3&28,3&29,3&29,3&29,3,0,0,0,0,0,
0,0,0,0,0,0,30&3&28,3,11,3,28&3,0,0,0,0,0,
0,0,0,0,0,0,30&3&28,3,3,3,28&3,0,0,0,0,0,
0,0,0,0,0,0,30&3&28,3,3,3,28&3,0,0,0,0,0,
0,0,0,28&3,3&213,3&29,30&3,3,3,3,28&3,3&29,3&29,3&207,3&29,3&29,
0,0,0,3&30&28,3,3,28&3,3&29&30,3&173,217&3,30&3,3,110,9,9,3,
0,0,0,3&30&28,3,3,28&30&3,3,3,3,28&30&3,3,3,3,3,3
</Tiles>
<Tiles height="1">
0,0,0,0,0,0,28,0,0,0,0,0,0,0,0,0,
0,0,0,0,0,0,28,0,0,0,0,0,0,0,0,0,
0,0,0,0,0,0,28,0,0,0,0,0,0,0,0,0,
0,0,0,0,0,0,28,0,0,0,0,0,0,0,0,0,
0,0,0,0,0,0,28,0,0,0,0,0,0,0,0,0,
0,0,0,0,0,0,28,0,0,0,0,0,0,0,0,0,
0,0,0,0,0,0,28,0,0,0,0,0,0,0,0,0,
0,28,0,0,0,0,0,0,0,0,0,0,0,0,0,0,
0,28,0,0,0,0,0,0,0,0,0,0,0,0,0,0,
0,29&28,29,29,29,29,28,29,29,29,0,0,0,0,0,0,
0,0,0,0,0,0,30&28,0,0,0,28,0,0,0,0,0,
0,0,0,0,0,0,30&28,0,0,0,28,0,0,0,0,0,
0,0,0,0,0,0,30&28,0,0,0,28,0,0,0,0,0,
0,0,0,28,29,29,30,0,0,0,28,29,29,29,29,29,
0,0,0,30&28,0,0,28,30&29,293,28&29,30,0,0,0,0,0,
0,0,0,30&28,0,0,28&30,0,0,0,28&30,0,0,0,0,0
</Tiles>
<Tiles height="2">
0,0,0,0,0,0,2,2,2,2,2,0,0,0,0,0,
0,0,0,0,0,0,2,2,2,2,2,0,0,0,0,0,
0,0,0,0,0,0,2,2,2,2,2,0,0,0,0,0,
0,0,0,0,0,0,2,2,2,2,2,0,0,0,0,0,
0,0,0,0,0,0,2,2,2,2,2,0,0,0,0,0,
0,0,0,0,0,0,2,2,2,2,2,0,0,0,0,0,
0,0,0,0,0,0,2,2,2,2,2,0,0,0,0,0,
0,2,2,2,2,2,2,2,2,2,2,0,0,0,0,0,
0,2,2,2,2,2,2,2,2,2,2,0,0,0,0,0,
0,2,2,2,2,2,2,2,2,2,2,2,2,2,0,0,
0,0,0,0,0,0,2,0,0,0,2,2,2,2,0,0,
0,0,0,0,0,0,2,0,0,0,2,2,2,2,0,0,
0,0,0,0,0,0,2,0,0,0,2,2,2,2,0,0,
0,0,0,2,2,2,2,0,0,0,2,2,2,2,2,2,
0,0,0,2,0,0,2,2,2,2,2,0,0,0,0,0,
0,0,0,2,0,0,2,0,0,0,2,0,0,0,0,0
</Tiles>
<Tiles height="-2">
9,9,9,9,9,9,28,0,0,0,0,0,0,0,0,0,
9,9,9,9,9,9,28,0,0,0,0,0,0,0,0,0,
9,9,9,9,9,9,28,0,0,0,0,0,0,0,0,0,
9,9,9,9,9,9,28,0,0,0,0,0,0,0,0,0,
9,9,9,9,9,9,28,0,0,0,0,0,0,0,0,0,
9,9,9,9,9,9,28,0,0,0,0,0,0,0,0,0,
9,9,9,9,9,9,28,0,0,0,0,0,0,0,0,0,
9,28,0,0,0,0,0,0,0,0,0,0,0,0,0,0,
9,28,0,0,0,0,0,0,0,0,0,0,0,0,0,0,
9,29&28,29,62,29,29,0,0,0,0,0,0,0,0,0,0,
9,3,3,3,3,3,3,0,0,0,0,0,0,0,0,0,
9,3,3,9,9,9,3,0,0,0,0,0,0,0,0,0,
9,3,3,9,9,9,3,0,0,0,0,0,0,0,0,0,
9,3,3,3,0,0,0,0,0,0,0,0,0,0,0,0,
9,3,3,3,0,0,0,0,0,0,0,0,0,0,0,0,
9,3,3,3,0,0,0,0,0,0,0,0,0,0,0,0
</Tiles>
<Tiles height="-1">
0,0,0,0,0,0,28,0,0,0,0,0,0,0,0,0,
0,0,0,0,0,0,28,0,0,0,0,0,0,0,0,0,
0,0,0,0,0,0,28,0,0,0,0,0,0,0,0,0,
0,0,0,0,0,0,28,0,0,0,0,0,0,0,0,0,
0,0,0,0,0,0,28,0,0,0,0,0,0,0,0,0,
0,0,0,0,0,0,28,0,0,0,0,0,0,0,0,0,
0,0,0,0,0,0,28,0,0,0,0,0,0,0,0,0,
0,28,0,0,0,0,0,0,0,0,0,0,0,0,0,0,
0,28,0,0,0,0,0,0,0,0,0,0,0,0,0,0,
0,29&28,29,63,29,29,0,0,0,0,0,0,0,0,0,0,
0,0,0,0,0,0,3,0,0,0,0,0,0,0,0,0,
0,0,0,0,0,0,3,0,0,0,0,0,0,0,0,0,
0,0,0,0,0,0,3,0,0,0,0,0,0,0,0,0,
0,0,0,3,0,0,0,0,0,0,0,0,0,0,0,0,
0,0,0,3,0,0,0,0,0,0,0,0,0,0,0,0,
0,0,0,3,0,0,0,0,0,0,0,0,0,0,0,0
</Tiles>
<Tiles height="-3">
0,0,0,0,0,0,34,0,0,0,0,0,0,0,0,0,
0,0,0,0,0,0,34,0,0,0,0,0,0,0,0,0,
0,0,0,0,0,0,34,0,0,0,0,0,0,0,0,0,
0,0,0,0,0,0,34,0,0,0,0,0,0,0,0,0,
0,0,0,0,0,0,34,0,0,0,0,0,0,0,0,0,
0,0,0,0,0,0,34,0,0,0,0,0,0,0,0,0,
0,0,0,0,0,0,34,0,0,0,0,0,0,0,0,0,
0,28,0,0,0,0,0,0,0,0,0,0,0,0,0,0,
0,28,0,0,0,0,0,0,0,0,0,0,0,0,0,0,
0,28,0,0,0,0,0,0,0,0,0,0,0,0,0,0,
0,0,0,0,0,0,0,0,0,0,0,0,0,0,0,0,
0,0,0,0,0,0,0,0,0,0,0,0,0,0,0,0,
0,0,0,0,0,0,0,0,0,0,0,0,0,0,0,0,
0,0,0,0,0,0,0,0,0,0,0,0,0,0,0,0,
0,0,0,0,0,0,0,0,0,0,0,0,0,0,0,0,
0,0,0,0,0,0,0,0,0,0,0,0,0,0,0,0
</Tiles>
</Chunk>
<Chunk position="-11,3">
<Tiles height="0">
0,0,0,3&30&28,3,3,28&30&3,3,3,3,28&30&3,3,3,3,3,3,
0,0,0,3&30&28&199,3&165,28&3&29,29&28&30&3,3&29&30,3,3&29&28,29&28&3,3&29,3&29&30,3&169,3&29&28,3&29,
0,3,3,3,3,3,3,3,3,3,3,3,3,3,3,3,
0,3,3,3,10,12,3,3,3,3,3,3,3,3,3,3,
0,3,3,2,2,2,2,2,2,2,2,2,2,2,2,2,
0,3,3,2,2,2,2,2,2,2,2,2,2,2,2,2,
0,3,3,2,2,2,2,2,2,2,2,2,2,2,2,2,
3,3,3,2,2,2,2,2,2,2,2,2,2,2,2,2,
3,3,3,2,2,0,2,0,0,0,0,0,0,0,0,0,
0,0,0,2,2,0,2,0,0,0,0,0,0,0,0,0,
0,0,0,2,2,0,2,0,0,0,0,0,0,0,0,0,
0,0,0,2,2,0,2,0,0,0,0,0,0,0,0,0,
0,0,0,2,2,0,2,0,0,0,0,0,0,0,0,29,
0,0,0,2,2,0,3,3,3,3,3,3,3,3,3,3,
0,0,0,2,2,0,0,0,0,0,0,0,0,0,0,0,
0,0,0,0,0,0,0,0,0,0,0,0,0,0,0,3&30
</Tiles>
<Tiles height="1">
0,0,0,30&28,0,0,28&30,0,0,0,28&30,0,0,0,0,0,
0,0,0,152&28&30,291,29&28,29&28&30,29&30,292,29&28,29&28,29,29&30,292,29&28,29,
0,0,0,0,0,0,0,0,0,0,0,0,0,0,0,0,
0,0,0,0,0,0,0,0,0,0,0,0,0,0,0,0,
0,0,0,0,0,0,0,0,0,0,0,0,0,0,0,0,
0,0,0,0,0,0,0,0,0,0,0,0,0,0,0,0,
0,0,0,0,0,0,0,0,0,0,0,0,0,0,0,0,
0,0,0,0,0,0,0,0,0,0,0,0,0,0,0,0,
0,0,0,0,0,0,0,0,0,0,0,0,0,0,0,0,
0,0,0,0,0,0,0,0,0,0,0,0,0,0,0,0,
0,0,0,0,0,0,0,0,0,0,0,0,0,0,0,0,
0,0,0,0,0,0,0,0,0,0,0,0,0,0,0,0,
0,0,0,0,0,0,0,0,0,0,0,0,0,0,0,29,
0,0,0,0,0,0,0,0,0,0,0,0,0,0,0,0,
0,0,0,0,0,0,0,0,0,0,0,0,0,0,0,0,
0,0,0,0,0,0,0,0,0,0,0,0,0,0,0,30
</Tiles>
<Tiles height="2">
0,0,0,2,0,0,2,0,0,0,2,0,0,0,0,0,
0,0,0,2,2,2,2,2,2,2,2,2,2,2,2,2,
0,0,0,0,0,0,0,0,0,0,0,0,0,0,0,0,
0,0,0,0,0,0,0,0,0,0,0,0,0,0,0,0,
0,0,0,0,0,0,0,0,0,0,0,0,0,0,0,0,
0,0,0,0,0,0,0,0,0,0,0,0,0,0,0,0,
0,0,0,0,0,0,0,0,0,0,0,0,0,0,0,0,
0,0,0,0,0,0,0,0,0,0,0,0,0,0,0,0,
0,0,0,0,0,0,0,0,0,0,0,0,0,0,0,0,
0,0,0,0,0,0,0,0,0,0,0,0,0,0,0,0,
0,0,0,0,0,0,0,0,0,0,0,0,0,0,0,0,
0,0,0,0,0,0,0,0,0,0,0,0,0,0,0,0,
0,0,0,0,0,0,0,0,0,0,0,0,0,0,0,0,
0,0,0,0,0,0,0,0,0,0,0,0,0,0,0,0,
0,0,0,0,0,0,0,0,0,0,0,0,0,0,0,0,
0,0,0,0,0,0,0,0,0,0,0,0,0,0,0,2
</Tiles>
<Tiles height="-1">
0,0,0,3,0,0,0,0,0,0,0,0,0,0,0,0,
0,0,0,3,0,0,0,0,0,0,0,0,0,0,0,0,
0,3,0,0,0,0,0,0,0,0,0,0,0,0,0,0,
0,3,0,0,0,0,0,0,0,0,0,0,0,0,0,0,
0,0,0,0,0,0,0,0,0,0,0,0,0,0,0,0,
0,0,0,0,0,0,0,0,0,0,0,0,0,0,0,0,
0,0,0,0,0,0,0,0,0,0,0,0,0,0,0,0,
0,0,0,0,0,0,0,0,0,0,0,0,0,0,0,0,
3,3,3,0,0,0,0,0,0,0,0,0,0,0,0,0,
0,0,0,28,0,0,0,0,0,0,0,0,0,0,0,0,
0,0,0,28,0,0,0,0,0,0,0,0,0,0,0,0,
0,0,0,28,0,0,0,0,0,0,0,0,0,0,0,0,
0,0,0,28,0,0,0,0,0,0,0,0,0,0,0,0,
0,0,0,28,0,0,0,0,0,0,0,0,0,0,0,0,
0,0,0,28,0,0,0,0,0,0,0,0,0,0,0,0,
0,0,0,0,0,0,0,0,0,0,0,0,0,0,0,0
</Tiles>
<Tiles height="-2">
9,3,3,3,0,0,0,0,0,0,0,0,0,0,0,0,
9,3,3,3,0,0,0,0,0,0,0,0,0,0,0,0,
9,3,3,0,0,0,0,0,0,0,0,0,0,0,0,0,
9,3,3,0,0,0,0,0,0,0,0,0,0,0,0,0,
9,9,9,0,0,0,0,0,0,0,0,0,0,0,0,0,
9,9,9,0,0,0,0,0,0,0,0,0,0,0,0,0,
9,9,9,0,0,0,0,0,0,0,0,0,0,0,0,0,
3,3,3,0,0,0,0,0,0,0,0,0,0,0,0,0,
3,3,3,0,0,0,0,0,0,0,0,0,0,0,0,0,
9,9,9,28,0,0,0,0,0,0,0,0,0,0,0,0,
9,9,9,28,0,0,0,0,0,0,0,0,0,0,0,0,
9,9,9,28,0,0,0,0,0,0,0,0,0,0,0,0,
9,9,9,28,0,0,0,0,0,0,0,0,0,0,0,0,
9,9,9,28,0,0,0,0,0,0,0,0,0,0,0,0,
9,9,9,28,0,0,0,0,0,0,0,0,0,0,0,0,
1,1,1,0,0,0,0,0,0,0,0,0,0,0,0,0
</Tiles>
<Tiles height="-3">
0,0,0,0,0,0,0,0,0,0,0,0,0,0,0,0,
0,0,0,0,0,0,0,0,0,0,0,0,0,0,0,0,
0,0,0,0,0,0,0,0,0,0,0,0,0,0,0,0,
0,0,0,0,0,0,0,0,0,0,0,0,0,0,0,0,
0,0,0,0,0,0,0,0,0,0,0,0,0,0,0,0,
0,0,0,0,0,0,0,0,0,0,0,0,0,0,0,0,
0,0,0,0,0,0,0,0,0,0,0,0,0,0,0,0,
0,0,0,0,0,0,0,0,0,0,0,0,0,0,0,0,
0,0,0,0,0,0,0,0,0,0,0,0,0,0,0,0,
0,0,0,34,0,0,0,0,0,0,0,0,0,0,0,0,
0,0,0,34,0,0,0,0,0,0,0,0,0,0,0,0,
0,0,0,34,0,0,0,0,0,0,0,0,0,0,0,0,
0,0,0,34,0,0,0,0,0,0,0,0,0,0,0,0,
0,0,0,34,0,0,0,0,0,0,0,0,0,0,0,0,
0,0,0,34,0,0,0,0,0,0,0,0,0,0,0,0,
0,0,0,0,0,0,0,0,0,0,0,0,0,0,0,0
</Tiles>
</Chunk>
<Chunk position="-11,1">
<Tiles height="1">
0,0,0,0,0,0,0,0,30,29,29,29,30,0,28,29,
0,0,0,0,0,0,0,0,30,0,0,0,28&30,0,30&28,0,
0,0,0,0,0,0,0,0,30,0,0,0,28&30,0,30&28,0,
0,0,0,0,0,0,0,0,30,0,0,0,28&30,0,30&28,0,
0,0,0,0,0,0,0,0,0,29&30,294,29&28,29&28&30,0,30&28,0,
0,0,0,0,0,0,0,0,30,0,0,0,0,0,30&28,0,
0,0,0,0,0,0,0,0,30,0,0,0,0,0,28,29&30,
0,0,0,0,0,0,0,0,30,0,0,0,0,0,30&28,0,
0,0,0,0,0,0,0,0,30,0,0,0,0,0,30&28,0,
0,0,0,0,0,0,0,0,30,0,0,0,0,0,29&30&28,29,
0,0,0,0,0,0,0,0,30,0,0,0,0,0,0,0,
0,0,0,0,0,0,0,0,30&29,0,0,0,0,0,0,0,
0,0,0,0,0,0,0,0,0,0,0,0,0,0,0,0,
0,0,0,0,0,0,0,0,0,0,0,0,0,0,0,0,
0,0,0,0,0,0,0,0,0,0,0,0,0,0,0,0,
0,0,0,0,0,0,0,0,0,0,0,0,0,0,0,0
</Tiles>
<Tiles height="0">
0,0,0,0,0,0,0,0,3&30,3&29,3&225,3&29,3&30,3,3&28,3&151,
0,0,0,0,0,0,0,0,3&30,9,3,10,3&28&30,3,3&30&28,3,
0,0,0,0,0,0,0,0,3&30,3,3,3,3&28&30,3,3&30&28,3,
0,0,0,0,0,0,0,0,3&30,3,3,3,3&28&30,3,3&30&28,3,
0,0,0,0,0,0,0,0,3,3&29&30,3&177,3&29&28,3&29&28&30,3,3&30&28,3,
0,0,0,0,0,0,0,0,30&3,3,3,3,3,3,3&30&28,3,
0,0,0,0,0,0,0,0,30&3,3,3,3,3,3,3&28,3&29&30,
0,0,0,0,0,0,0,0,30&3,3,3,3,3,3,3&30&28,3,
0,0,0,0,0,0,0,0,30&3,3,3,3,3,3,3&30&28,3,
0,0,0,0,0,0,0,0,30&3,3,3,3,3,3,3&29&30&28,3&29,
0,0,0,0,0,0,0,0,30&3,3,3,3,3,3,3,3,
0,0,0,0,0,0,0,0,30&3&29,3,3,3,3,3,3,3,
0,0,0,0,0,0,0,0,2,2,2,2,2,2,2,2,
0,0,0,0,0,0,0,0,0,0,0,0,0,0,0,0,
0,0,0,0,0,0,0,0,0,0,0,0,0,0,0,0,
0,0,0,0,0,0,0,0,0,0,0,0,0,0,0,0
</Tiles>
<Tiles height="2">
0,0,0,0,0,0,0,0,2,2,2,2,2,0,2,2,
0,0,0,0,0,0,0,0,2,0,0,0,2,0,2,0,
0,0,0,0,0,0,0,0,2,0,0,0,2,0,2,0,
0,0,0,0,0,0,0,0,2,0,0,0,2,0,2,0,
0,0,0,0,0,0,0,0,2,2,2,2,2,0,2,0,
0,0,0,0,0,0,0,0,2,0,0,0,0,0,2,0,
0,0,0,0,0,0,0,0,2,0,0,0,0,0,2,2,
0,0,0,0,0,0,0,0,2,0,0,0,0,0,2,0,
0,0,0,0,0,0,0,0,2,0,0,0,0,0,2,0,
0,0,0,0,0,0,0,0,2,0,0,0,0,0,2,2,
0,0,0,0,0,0,0,0,2,0,0,0,0,0,0,0,
0,0,0,0,0,0,0,0,2,0,0,0,0,0,0,0,
0,0,0,0,0,0,0,0,0,0,0,0,0,0,0,0,
0,0,0,0,0,0,0,0,0,0,0,0,0,0,0,0,
0,0,0,0,0,0,0,0,0,0,0,0,0,0,0,0,
0,0,0,0,0,0,0,0,0,0,0,0,0,0,0,0
</Tiles>
</Chunk>
