// Note that this needs to be compressed after you set up the file.
<Map3D name="REPLACE_ME" lights="off">
<Chunk position="0,0">
	<Tiles height="0">
		0,0,0,0,0,0,0,0,0,0,0,0,0,0,0,0,
		0,0,0,0,0,0,0,0,0,0,0,0,0,0,0,0,
		0,0,0,0,0,0,0,0,0,0,0,0,0,0,0,0,
		0,0,0,0,0,0,0,0,0,0,0,0,0,0,0,0,
		0,0,0,0,0,0,0,0,0,0,0,0,0,0,0,0,
		0,0,0,0,0,0,0,0,0,0,0,0,0,0,0,0,
		0,0,0,0,0,0,0,0,0,0,0,0,0,0,0,0,
		0,0,0,0,0,0,0,0,0,0,0,0,0,0,0,0,
		0,0,0,0,0,0,0,0,0,0,0,0,0,0,0,0,
		0,0,0,0,0,0,0,0,0,0,0,0,0,0,0,0,
		0,0,0,0,0,0,0,0,0,0,0,0,0,0,0,0,
		0,0,0,0,0,0,0,0,0,0,0,0,0,0,0,0,
		0,0,0,0,0,0,0,0,0,0,0,0,0,0,0,0,
		0,0,0,0,0,0,0,0,0,0,0,0,0,0,0,0,
		0,0,0,0,0,0,0,0,0,0,0,0,0,0,0,0,
		0,0,0,0,0,0,0,0,0,0,0,0,0,0,0,3
	</Tiles>
</Chunk>
